displayname	timestamp	x	y	z
SamsungGalaxyS3CM	5212654753000	0.03610891476273537	0.0029277498833835125	-0.01463874988257885
SamsungGalaxyS3CM	5212664549000	0.03610891476273537	0.0029277498833835125	-0.01463874988257885
SamsungGalaxyS3CM	5212675719000	0.03610891476273537	0.0029277498833835125	-0.01463874988257885
SamsungGalaxyS3CM	5212685026000	0.03610891476273537	0.0029277498833835125	-0.01463874988257885
SamsungGalaxyS3CM	5212698851000	0.03610891476273537	0.0029277498833835125	-0.01463874988257885
SamsungGalaxyS3CM	5212704863000	0.08880840986967087	-0.10930266231298447	-0.05953091382980347
SamsungGalaxyS3CM	5212714842000	0.006831416394561529	-0.0039036665111780167	0.0039036665111780167
SamsungGalaxyS3CM	5212724943000	0.006831416394561529	-0.004879583138972521	0.0039036665111780167
SamsungGalaxyS3CM	5212734862000	0.00878324918448925	-0.004879583138972521	0.0039036665111780167
SamsungGalaxyS3CM	5212744627000	0.00878324918448925	-0.004879583138972521	0.0039036665111780167
SamsungGalaxyS3CM	5212754820000	0.00878324918448925	-0.0039036665111780167	0.0039036665111780167
SamsungGalaxyS3CM	5212769194000	0.006831416394561529	-0.0039036665111780167	0.0039036665111780167
SamsungGalaxyS3CM	5212775023000	0.006831416394561529	-0.0039036665111780167	0.0039036665111780167
SamsungGalaxyS3CM	5212784941000	0.00878324918448925	-0.0039036665111780167	0.0039036665111780167
SamsungGalaxyS3CM	5212795225000	0.00878324918448925	-0.0039036665111780167	0.0039036665111780167
SamsungGalaxyS3CM	5212804442000	0.00878324918448925	-0.0039036665111780167	0.0039036665111780167
SamsungGalaxyS3CM	5212814238000	0.00878324918448925	-0.0039036665111780167	0.0039036665111780167
SamsungGalaxyS3CM	5212824339000	0.006831416394561529	-0.0039036665111780167	0.0039036665111780167
SamsungGalaxyS3CM	5212834257000	0.00878324918448925	-0.004879583138972521	0.004879583138972521
SamsungGalaxyS3CM	5212844389000	0.00878324918448925	-0.0039036665111780167	0.0039036665111780167
SamsungGalaxyS3CM	5212854643000	0.00878324918448925	-0.004879583138972521	0.0039036665111780167
SamsungGalaxyS3CM	5212864378000	0.00878324918448925	-0.0039036665111780167	0.0039036665111780167
SamsungGalaxyS3CM	5212877714000	0.00878324918448925	-0.004879583138972521	0.004879583138972521
SamsungGalaxyS3CM	5212885008000	0.00878324918448925	-0.004879583138972521	0.004879583138972521
SamsungGalaxyS3CM	5212894346000	0.00878324918448925	-0.0039036665111780167	0.004879583138972521
SamsungGalaxyS3CM	5212908110000	0.00878324918448925	-0.004879583138972521	0.0039036665111780167
SamsungGalaxyS3CM	5212914366000	0.00878324918448925	-0.004879583138972521	0.0039036665111780167
SamsungGalaxyS3CM	5212924345000	0.00878324918448925	-0.004879583138972521	0.004879583138972521
SamsungGalaxyS3CM	5212934263000	0.006831416394561529	-0.004879583138972521	0.004879583138972521
SamsungGalaxyS3CM	5212944334000	0.006831416394561529	-0.0039036665111780167	0.0039036665111780167
SamsungGalaxyS3CM	5212954252000	0.00878324918448925	-0.0039036665111780167	0.0039036665111780167
SamsungGalaxyS3CM	5212964323000	0.00878324918448925	-0.004879583138972521	0.0039036665111780167
SamsungGalaxyS3CM	5212974272000	0.00878324918448925	-0.0039036665111780167	0.0039036665111780167
SamsungGalaxyS3CM	5212984373000	0.00878324918448925	-0.0039036665111780167	0.004879583138972521
SamsungGalaxyS3CM	5212994231000	0.006831416394561529	-0.004879583138972521	0.004879583138972521
SamsungGalaxyS3CM	5213004332000	0.006831416394561529	-0.004879583138972521	0.004879583138972521
SamsungGalaxyS3CM	5213016173000	0.00878324918448925	-0.004879583138972521	0.004879583138972521
SamsungGalaxyS3CM	5213026427000	0.00878324918448925	-0.004879583138972521	0.0039036665111780167
SamsungGalaxyS3CM	5213036253000	0.00878324918448925	-0.0039036665111780167	0.0039036665111780167
SamsungGalaxyS3CM	5213046477000	0.00878324918448925	-0.004879583138972521	0.0039036665111780167
SamsungGalaxyS3CM	5213058165000	0.00878324918448925	-0.004879583138972521	0.0039036665111780167
SamsungGalaxyS3CM	5213066466000	0.00878324918448925	-0.0039036665111780167	0.0039036665111780167
SamsungGalaxyS3CM	5213076292000	0.006831416394561529	-0.004879583138972521	0.0039036665111780167
SamsungGalaxyS3CM	5213086455000	0.00878324918448925	-0.004879583138972521	0.0039036665111780167
SamsungGalaxyS3CM	5213096281000	0.00878324918448925	-0.0039036665111780167	0.0039036665111780167
SamsungGalaxyS3CM	5213106749000	0.00878324918448925	-0.0039036665111780167	0.0039036665111780167
SamsungGalaxyS3CM	5213116270000	0.00878324918448925	-0.0039036665111780167	0.0039036665111780167
SamsungGalaxyS3CM	5213132384000	0.006831416394561529	-0.0039036665111780167	0.0039036665111780167
SamsungGalaxyS3CM	5213146544000	0.006831416394561529	-0.0039036665111780167	0.0039036665111780167
SamsungGalaxyS3CM	5213156309000	0.006831416394561529	-0.004879583138972521	0.004879583138972521
SamsungGalaxyS3CM	5213166502000	0.006831416394561529	-0.004879583138972521	0.0039036665111780167
SamsungGalaxyS3CM	5213176451000	0.00878324918448925	-0.004879583138972521	0.004879583138972521
SamsungGalaxyS3CM	5213186766000	0.00878324918448925	-0.004879583138972521	0.0039036665111780167
SamsungGalaxyS3CM	5213196287000	0.00878324918448925	-0.004879583138972521	0.0039036665111780167
SamsungGalaxyS3CM	5213208189000	0.00878324918448925	-0.004879583138972521	0.004879583138972521
SamsungGalaxyS3CM	5213217100000	0.00878324918448925	-0.004879583138972521	0.004879583138972521
SamsungGalaxyS3CM	5213227263000	0.00878324918448925	-0.004879583138972521	0.0039036665111780167
SamsungGalaxyS3CM	5213237242000	0.00878324918448925	-0.0039036665111780167	0.004879583138972521
SamsungGalaxyS3CM	5213247221000	0.00878324918448925	-0.004879583138972521	0.004879583138972521
SamsungGalaxyS3CM	5213257048000	0.006831416394561529	-0.004879583138972521	0.0039036665111780167
SamsungGalaxyS3CM	5213267271000	0.006831416394561529	-0.004879583138972521	0.0039036665111780167
SamsungGalaxyS3CM	5213277067000	0.006831416394561529	-0.004879583138972521	0.0039036665111780167
SamsungGalaxyS3CM	5213290709000	0.00878324918448925	-0.0039036665111780167	0.004879583138972521
SamsungGalaxyS3CM	5213307249000	0.00878324918448925	-0.0039036665111780167	0.0039036665111780167
SamsungGalaxyS3CM	5213317076000	0.00878324918448925	-0.004879583138972521	0.0039036665111780167
SamsungGalaxyS3CM	5213327208000	0.00878324918448925	-0.004879583138972521	0.0039036665111780167
SamsungGalaxyS3CM	5213337065000	0.00878324918448925	-0.004879583138972521	0.0039036665111780167
SamsungGalaxyS3CM	5213347197000	0.00878324918448925	-0.004879583138972521	0.0039036665111780167
SamsungGalaxyS3CM	5213357695000	0.00878324918448925	-0.004879583138972521	0.0039036665111780167
SamsungGalaxyS3CM	5213376158000	0.00878324918448925	-0.004879583138972521	0.004879583138972521
SamsungGalaxyS3CM	5213387938000	0.00878324918448925	-0.005855499766767025	0.004879583138972521
SamsungGalaxyS3CM	5213395567000	0.00878324918448925	-0.004879583138972521	0.004879583138972521
SamsungGalaxyS3CM	5213405455000	0.00878324918448925	-0.004879583138972521	0.004879583138972521
SamsungGalaxyS3CM	5213423247000	0.00878324918448925	-0.004879583138972521	0.004879583138972521
SamsungGalaxyS3CM	5213435759000	0.00878324918448925	-0.004879583138972521	0.004879583138972521
SamsungGalaxyS3CM	5213445067000	0.00878324918448925	-0.0039036665111780167	0.0039036665111780167
SamsungGalaxyS3CM	5213455015000	0.00878324918448925	-0.0039036665111780167	0.004879583138972521
SamsungGalaxyS3CM	5213465025000	0.00878324918448925	-0.0039036665111780167	0.004879583138972521
SamsungGalaxyS3CM	5213474852000	0.006831416394561529	-0.004879583138972521	0.0039036665111780167
SamsungGalaxyS3CM	5213484862000	0.00878324918448925	-0.0039036665111780167	0.004879583138972521
SamsungGalaxyS3CM	5213494383000	0.00878324918448925	-0.004879583138972521	0.0039036665111780167
SamsungGalaxyS3CM	5213504820000	0.00878324918448925	-0.004879583138972521	0.004879583138972521
SamsungGalaxyS3CM	5213520323000	0.00878324918448925	-0.004879583138972521	0.0039036665111780167
SamsungGalaxyS3CM	5213535338000	0.00878324918448925	-0.0039036665111780167	0.0039036665111780167
SamsungGalaxyS3CM	5213545164000	0.00878324918448925	-0.0039036665111780167	0.0039036665111780167
SamsungGalaxyS3CM	5213555357000	0.006831416394561529	-0.0039036665111780167	0.0039036665111780167
SamsungGalaxyS3CM	5213565153000	0.00878324918448925	-0.004879583138972521	0.0039036665111780167
SamsungGalaxyS3CM	5213574858000	0.00878324918448925	-0.004879583138972521	0.0039036665111780167
SamsungGalaxyS3CM	5213585173000	0.00878324918448925	-0.004879583138972521	0.0039036665111780167
SamsungGalaxyS3CM	5213594084000	0.00878324918448925	-0.004879583138972521	0.0039036665111780167
SamsungGalaxyS3CM	5213604246000	0.006831416394561529	-0.004879583138972521	0.0039036665111780167
SamsungGalaxyS3CM	5213614348000	0.00878324918448925	-0.004879583138972521	0.004879583138972521
SamsungGalaxyS3CM	5213624205000	0.006831416394561529	-0.004879583138972521	0.004879583138972521
SamsungGalaxyS3CM	5213634337000	0.006831416394561529	-0.004879583138972521	0.004879583138972521
SamsungGalaxyS3CM	5213644224000	0.00878324918448925	-0.004879583138972521	0.004879583138972521
SamsungGalaxyS3CM	5213654387000	0.006831416394561529	-0.004879583138972521	0.0039036665111780167
SamsungGalaxyS3CM	5213664244000	0.006831416394561529	-0.004879583138972521	0.0039036665111780167
SamsungGalaxyS3CM	5213676420000	0.00878324918448925	-0.004879583138972521	0.0039036665111780167
SamsungGalaxyS3CM	5213686247000	0.00878324918448925	-0.004879583138972521	0.0039036665111780167
SamsungGalaxyS3CM	5213696440000	0.00878324918448925	-0.004879583138972521	0.0039036665111780167
SamsungGalaxyS3CM	5213706267000	0.00878324918448925	-0.0039036665111780167	0.0039036665111780167
SamsungGalaxyS3CM	5213716429000	0.00878324918448925	-0.004879583138972521	0.0039036665111780167
SamsungGalaxyS3CM	5213726256000	0.006831416394561529	-0.004879583138972521	0.0039036665111780167
SamsungGalaxyS3CM	5213736449000	0.006831416394561529	-0.004879583138972521	0.0039036665111780167
SamsungGalaxyS3CM	5213748015000	0.00878324918448925	-0.004879583138972521	0.0039036665111780167
SamsungGalaxyS3CM	5213756468000	0.00878324918448925	-0.005855499766767025	0.0039036665111780167
SamsungGalaxyS3CM	5213766234000	0.00878324918448925	-0.004879583138972521	0.0039036665111780167
SamsungGalaxyS3CM	5213776488000	0.00878324918448925	-0.0039036665111780167	0.0039036665111780167
SamsungGalaxyS3CM	5213786223000	0.006831416394561529	-0.0039036665111780167	0.0039036665111780167
SamsungGalaxyS3CM	5213796049000	0.006831416394561529	-0.0039036665111780167	0.0039036665111780167
SamsungGalaxyS3CM	5213806242000	0.00878324918448925	-0.0039036665111780167	0.0039036665111780167
SamsungGalaxyS3CM	5213816496000	0.00878324918448925	-0.0039036665111780167	0.0029277498833835125
SamsungGalaxyS3CM	5213828184000	0.006831416394561529	-0.004879583138972521	0.0029277498833835125
SamsungGalaxyS3CM	5213836485000	0.00878324918448925	-0.004879583138972521	0.0039036665111780167
SamsungGalaxyS3CM	5213846281000	0.00878324918448925	-0.004879583138972521	0.0039036665111780167
SamsungGalaxyS3CM	5213857329000	0.00878324918448925	-0.004879583138972521	0.004879583138972521
SamsungGalaxyS3CM	5213866270000	0.00878324918448925	-0.004879583138972521	0.0039036665111780167
SamsungGalaxyS3CM	5213877531000	0.00878324918448925	-0.004879583138972521	0.0039036665111780167
SamsungGalaxyS3CM	5213888243000	0.00878324918448925	-0.004879583138972521	0.0039036665111780167
SamsungGalaxyS3CM	5213897978000	0.00878324918448925	-0.004879583138972521	0.0039036665111780167
SamsungGalaxyS3CM	5213911711000	0.00878324918448925	-0.004879583138972521	0.0039036665111780167
SamsungGalaxyS3CM	5213926909000	0.00878324918448925	-0.004879583138972521	0.0039036665111780167
SamsungGalaxyS3CM	5213937376000	0.00878324918448925	-0.004879583138972521	0.0039036665111780167
SamsungGalaxyS3CM	5213947050000	0.006831416394561529	-0.004879583138972521	0.0029277498833835125
SamsungGalaxyS3CM	5213957274000	0.00878324918448925	-0.004879583138972521	0.0039036665111780167
SamsungGalaxyS3CM	5213966978000	0.00878324918448925	-0.004879583138972521	0.0039036665111780167
SamsungGalaxyS3CM	5213977324000	0.00878324918448925	-0.004879583138972521	0.0039036665111780167
SamsungGalaxyS3CM	5213990629000	0.00878324918448925	-0.004879583138972521	0.0039036665111780167
SamsungGalaxyS3CM	5214007536000	0.00878324918448925	-0.004879583138972521	0.0039036665111780167
SamsungGalaxyS3CM	5214016875000	0.006831416394561529	-0.004879583138972521	0.0039036665111780167
SamsungGalaxyS3CM	5214027067000	0.00878324918448925	-0.004879583138972521	0.0039036665111780167
SamsungGalaxyS3CM	5214037260000	0.00878324918448925	-0.005855499766767025	0.0039036665111780167
SamsungGalaxyS3CM	5214047056000	0.00878324918448925	-0.004879583138972521	0.0039036665111780167
SamsungGalaxyS3CM	5214057249000	0.00878324918448925	-0.004879583138972521	0.0039036665111780167
SamsungGalaxyS3CM	5214070524000	0.00878324918448925	-0.004879583138972521	0.0039036665111780167
SamsungGalaxyS3CM	5214087034000	0.00878324918448925	-0.004879583138972521	0.0039036665111780167
SamsungGalaxyS3CM	5214097105000	0.00878324918448925	-0.004879583138972521	0.0039036665111780167
SamsungGalaxyS3CM	5214107023000	0.006831416394561529	-0.004879583138972521	0.0039036665111780167
SamsungGalaxyS3CM	5214117094000	0.006831416394561529	-0.004879583138972521	0.0039036665111780167
SamsungGalaxyS3CM	5214127012000	0.00878324918448925	-0.004879583138972521	0.004879583138972521
SamsungGalaxyS3CM	5214137083000	0.00878324918448925	-0.004879583138972521	0.004879583138972521
SamsungGalaxyS3CM	5214150572000	0.00878324918448925	-0.004879583138972521	0.0039036665111780167
SamsungGalaxyS3CM	5214166533000	0.006831416394561529	-0.004879583138972521	0.0039036665111780167
SamsungGalaxyS3CM	5214177031000	0.006831416394561529	-0.004879583138972521	0.0039036665111780167
SamsungGalaxyS3CM	5214187193000	0.006831416394561529	-0.004879583138972521	0.0039036665111780167
SamsungGalaxyS3CM	5214197050000	0.006831416394561529	-0.004879583138972521	0.0039036665111780167
SamsungGalaxyS3CM	5214207213000	0.00878324918448925	-0.004879583138972521	0.0039036665111780167
SamsungGalaxyS3CM	5214217070000	0.00878324918448925	-0.004879583138972521	0.0039036665111780167
SamsungGalaxyS3CM	5214230406000	0.00878324918448925	-0.004879583138972521	0.0039036665111780167
SamsungGalaxyS3CM	5214247252000	0.00878324918448925	-0.004879583138972521	0.0039036665111780167
SamsungGalaxyS3CM	5214257048000	0.006831416394561529	-0.004879583138972521	0.0039036665111780167
SamsungGalaxyS3CM	5214267241000	0.006831416394561529	-0.005855499766767025	0.0029277498833835125
SamsungGalaxyS3CM	5214277067000	0.00878324918448925	-0.004879583138972521	0.0039036665111780167
SamsungGalaxyS3CM	5214287260000	0.006831416394561529	-0.004879583138972521	0.004879583138972521
SamsungGalaxyS3CM	5214297026000	0.006831416394561529	-0.004879583138972521	0.004879583138972521
SamsungGalaxyS3CM	5214310332000	0.00878324918448925	-0.004879583138972521	0.004879583138972521
SamsungGalaxyS3CM	5214327238000	0.00878324918448925	-0.004879583138972521	0.004879583138972521
SamsungGalaxyS3CM	5214337065000	0.006831416394561529	-0.004879583138972521	0.004879583138972521
SamsungGalaxyS3CM	5214347258000	0.00878324918448925	-0.004879583138972521	0.004879583138972521
SamsungGalaxyS3CM	5214358122000	0.006831416394561529	-0.004879583138972521	0.004879583138972521
SamsungGalaxyS3CM	5214370970000	0.006831416394561529	-0.004879583138972521	0.0039036665111780167
SamsungGalaxyS3CM	5214387785000	0.006831416394561529	-0.005855499766767025	0.0039036665111780167
SamsungGalaxyS3CM	5214395476000	0.00878324918448925	-0.004879583138972521	0.0039036665111780167
SamsungGalaxyS3CM	5214405028000	0.006831416394561529	-0.004879583138972521	0.0039036665111780167
SamsungGalaxyS3CM	5214424132000	0.00878324918448925	-0.004879583138972521	0.004879583138972521
SamsungGalaxyS3CM	5214435759000	0.00878324918448925	-0.004879583138972521	0.0039036665111780167
SamsungGalaxyS3CM	5214445280000	0.00878324918448925	-0.004879583138972521	0.0039036665111780167
SamsungGalaxyS3CM	5214459288000	0.00878324918448925	-0.004879583138972521	0.0039036665111780167
SamsungGalaxyS3CM	5214464873000	0.00878324918448925	-0.004879583138972521	0.0039036665111780167
SamsungGalaxyS3CM	5214474852000	0.006831416394561529	-0.0039036665111780167	0.0039036665111780167
SamsungGalaxyS3CM	5214484984000	0.006831416394561529	-0.004879583138972521	0.0029277498833835125
SamsungGalaxyS3CM	5214494810000	0.006831416394561529	-0.004879583138972521	0.0039036665111780167
SamsungGalaxyS3CM	5214504973000	0.006831416394561529	-0.004879583138972521	0.0039036665111780167
SamsungGalaxyS3CM	5214514799000	0.006831416394561529	-0.004879583138972521	0.0039036665111780167
SamsungGalaxyS3CM	5214524931000	0.006831416394561529	-0.004879583138972521	0.0039036665111780167
SamsungGalaxyS3CM	5214535551000	0.006831416394561529	-0.004879583138972521	0.0039036665111780167
SamsungGalaxyS3CM	5214545164000	0.006831416394561529	-0.004879583138972521	0.0039036665111780167
SamsungGalaxyS3CM	5214554838000	0.00878324918448925	-0.004879583138972521	0.0039036665111780167
SamsungGalaxyS3CM	5214565153000	0.00878324918448925	-0.004879583138972521	0.0039036665111780167
SamsungGalaxyS3CM	5214573973000	0.00878324918448925	-0.004879583138972521	0.0039036665111780167
SamsungGalaxyS3CM	5214583891000	0.00878324918448925	-0.005855499766767025	0.0039036665111780167
SamsungGalaxyS3CM	5214597288000	0.00878324918448925	-0.004879583138972521	0.004879583138972521
SamsungGalaxyS3CM	5214603880000	0.00878324918448925	-0.004879583138972521	0.004879583138972521
SamsungGalaxyS3CM	5214613859000	0.00878324918448925	-0.004879583138972521	0.0039036665111780167
SamsungGalaxyS3CM	5214623869000	0.00878324918448925	-0.004879583138972521	0.0039036665111780167
SamsungGalaxyS3CM	5214633848000	0.00878324918448925	-0.004879583138972521	0.0039036665111780167
SamsungGalaxyS3CM	5214644377000	0.00878324918448925	-0.004879583138972521	0.0039036665111780167
SamsungGalaxyS3CM	5214654265000	0.00878324918448925	-0.004879583138972521	0.0039036665111780167
SamsungGalaxyS3CM	5214664274000	0.006831416394561529	-0.004879583138972521	0.004879583138972521
SamsungGalaxyS3CM	5214680266000	0.006831416394561529	-0.004879583138972521	0.0039036665111780167
SamsungGalaxyS3CM	5214693907000	0.00878324918448925	-0.004879583138972521	0.004879583138972521
SamsungGalaxyS3CM	5214703917000	0.00878324918448925	-0.004879583138972521	0.004879583138972521
SamsungGalaxyS3CM	5214713896000	0.006831416394561529	-0.004879583138972521	0.004879583138972521
SamsungGalaxyS3CM	5214723967000	0.006831416394561529	-0.005855499766767025	0.004879583138972521
SamsungGalaxyS3CM	5214737303000	0.00878324918448925	-0.004879583138972521	0.0039036665111780167
SamsungGalaxyS3CM	5214743895000	0.00878324918448925	-0.004879583138972521	0.0039036665111780167
SamsungGalaxyS3CM	5214753874000	0.00878324918448925	-0.004879583138972521	0.0039036665111780167
SamsungGalaxyS3CM	5214763853000	0.00878324918448925	-0.004879583138972521	0.0039036665111780167
SamsungGalaxyS3CM	5214773833000	0.00878324918448925	-0.004879583138972521	0.0039036665111780167
SamsungGalaxyS3CM	5214784300000	0.00878324918448925	-0.004879583138972521	0.0039036665111780167
SamsungGalaxyS3CM	5214794310000	0.006831416394561529	-0.005855499766767025	0.0039036665111780167
SamsungGalaxyS3CM	5214804198000	0.006831416394561529	-0.005855499766767025	0.0039036665111780167
SamsungGalaxyS3CM	5214814390000	0.006831416394561529	-0.004879583138972521	0.0039036665111780167
SamsungGalaxyS3CM	5214824248000	0.00878324918448925	-0.004879583138972521	0.0039036665111780167
SamsungGalaxyS3CM	5214834349000	0.00878324918448925	-0.004879583138972521	0.0039036665111780167
SamsungGalaxyS3CM	5214844237000	0.00878324918448925	-0.004879583138972521	0.0039036665111780167
SamsungGalaxyS3CM	5214857237000	0.00878324918448925	-0.004879583138972521	0.0039036665111780167
SamsungGalaxyS3CM	5214866270000	0.00878324918448925	-0.004879583138972521	0.0039036665111780167
SamsungGalaxyS3CM	5214877775000	0.00878324918448925	-0.004879583138972521	0.0039036665111780167
SamsungGalaxyS3CM	5214892027000	0.00878324918448925	-0.004879583138972521	0.0039036665111780167
SamsungGalaxyS3CM	5214903868000	0.00878324918448925	-0.004879583138972521	0.0039036665111780167
SamsungGalaxyS3CM	5214914000000	0.00878324918448925	-0.004879583138972521	0.004879583138972521
SamsungGalaxyS3CM	5214923521000	0.00878324918448925	-0.004879583138972521	0.004879583138972521
SamsungGalaxyS3CM	5214933989000	0.00878324918448925	-0.004879583138972521	0.004879583138972521
SamsungGalaxyS3CM	5214943907000	0.00878324918448925	-0.004879583138972521	0.004879583138972521
SamsungGalaxyS3CM	5214953978000	0.00878324918448925	-0.004879583138972521	0.004879583138972521
SamsungGalaxyS3CM	5214963866000	0.00878324918448925	-0.004879583138972521	0.0039036665111780167
SamsungGalaxyS3CM	5214973997000	0.00878324918448925	-0.004879583138972521	0.0039036665111780167
SamsungGalaxyS3CM	5214983824000	0.006831416394561529	-0.004879583138972521	0.0029277498833835125
SamsungGalaxyS3CM	5214993986000	0.00878324918448925	-0.004879583138972521	0.0039036665111780167
SamsungGalaxyS3CM	5215003874000	0.00878324918448925	-0.004879583138972521	0.0039036665111780167
SamsungGalaxyS3CM	5215013975000	0.00878324918448925	-0.004879583138972521	0.0039036665111780167
SamsungGalaxyS3CM	5215024412000	0.006831416394561529	-0.004879583138972521	0.0039036665111780167
SamsungGalaxyS3CM	5215034392000	0.00878324918448925	-0.004879583138972521	0.004879583138972521
SamsungGalaxyS3CM	5215044279000	0.00878324918448925	-0.004879583138972521	0.004879583138972521
SamsungGalaxyS3CM	5215054350000	0.00878324918448925	-0.004879583138972521	0.0039036665111780167
SamsungGalaxyS3CM	5215064299000	0.00878324918448925	-0.004879583138972521	0.0039036665111780167
SamsungGalaxyS3CM	5215074339000	0.00878324918448925	-0.004879583138972521	0.0039036665111780167
SamsungGalaxyS3CM	5215084227000	0.006831416394561529	-0.005855499766767025	0.0039036665111780167
SamsungGalaxyS3CM	5215094389000	0.006831416394561529	-0.004879583138972521	0.004879583138972521
SamsungGalaxyS3CM	5215104216000	0.006831416394561529	-0.004879583138972521	0.004879583138972521
SamsungGalaxyS3CM	5215114317000	0.006831416394561529	-0.0039036665111780167	0.004879583138972521
SamsungGalaxyS3CM	5215124174000	0.00878324918448925	-0.004879583138972521	0.0039036665111780167
SamsungGalaxyS3CM	5215136320000	0.00878324918448925	-0.004879583138972521	0.0039036665111780167
SamsungGalaxyS3CM	5215146239000	0.00878324918448925	-0.004879583138972521	0.0039036665111780167
SamsungGalaxyS3CM	5215156767000	0.00878324918448925	-0.0039036665111780167	0.0039036665111780167
SamsungGalaxyS3CM	5215166289000	0.00878324918448925	-0.004879583138972521	0.0039036665111780167
SamsungGalaxyS3CM	5215178313000	0.006831416394561529	-0.005855499766767025	0.0039036665111780167
SamsungGalaxyS3CM	5215186339000	0.00878324918448925	-0.004879583138972521	0.0039036665111780167
SamsungGalaxyS3CM	5215196532000	0.00878324918448925	-0.004879583138972521	0.0039036665111780167
SamsungGalaxyS3CM	5215206328000	0.00878324918448925	-0.004879583138972521	0.0039036665111780167
SamsungGalaxyS3CM	5215216521000	0.00878324918448925	-0.005855499766767025	0.0039036665111780167
SamsungGalaxyS3CM	5215226408000	0.006831416394561529	-0.005855499766767025	0.0039036665111780167
SamsungGalaxyS3CM	5215236784000	0.006831416394561529	-0.005855499766767025	0.0039036665111780167
SamsungGalaxyS3CM	5215246336000	0.00878324918448925	-0.005855499766767025	0.0039036665111780167
SamsungGalaxyS3CM	5215258238000	0.006831416394561529	-0.004879583138972521	0.004879583138972521
SamsungGalaxyS3CM	5215266264000	0.00878324918448925	-0.004879583138972521	0.0039036665111780167
SamsungGalaxyS3CM	5215276488000	0.00878324918448925	-0.005855499766767025	0.0039036665111780167
SamsungGalaxyS3CM	5215285948000	0.00878324918448925	-0.005855499766767025	0.0039036665111780167
SamsungGalaxyS3CM	5215296477000	0.006831416394561529	-0.005855499766767025	0.0039036665111780167
SamsungGalaxyS3CM	5215306242000	0.00878324918448925	-0.005855499766767025	0.0039036665111780167
SamsungGalaxyS3CM	5215316496000	0.006831416394561529	-0.005855499766767025	0.0039036665111780167
SamsungGalaxyS3CM	5215326262000	0.00878324918448925	-0.005855499766767025	0.0039036665111780167
SamsungGalaxyS3CM	5215339018000	0.00878324918448925	-0.005855499766767025	0.004879583138972521
SamsungGalaxyS3CM	5215346617000	0.006831416394561529	-0.005855499766767025	0.0039036665111780167
SamsungGalaxyS3CM	5215358336000	0.00878324918448925	-0.005855499766767025	0.0039036665111780167
SamsungGalaxyS3CM	5215370787000	0.00878324918448925	-0.005855499766767025	0.0039036665111780167
SamsungGalaxyS3CM	5215386931000	0.00878324918448925	-0.004879583138972521	0.0039036665111780167
SamsungGalaxyS3CM	5215395415000	0.00878324918448925	-0.004879583138972521	0.0039036665111780167
SamsungGalaxyS3CM	5215409331000	0.00878324918448925	-0.004879583138972521	0.004879583138972521
SamsungGalaxyS3CM	5215414427000	0.00878324918448925	-0.004879583138972521	0.004879583138972521
SamsungGalaxyS3CM	5215425322000	0.00878324918448925	-0.004879583138972521	0.0039036665111780167
SamsungGalaxyS3CM	5215434874000	0.006831416394561529	-0.004879583138972521	0.0039036665111780167
SamsungGalaxyS3CM	5215444792000	0.00878324918448925	-0.005855499766767025	0.004879583138972521
SamsungGalaxyS3CM	5215454802000	0.00878324918448925	-0.005855499766767025	0.0039036665111780167
SamsungGalaxyS3CM	5215464812000	0.00878324918448925	-0.005855499766767025	0.0039036665111780167
SamsungGalaxyS3CM	5215474791000	0.00878324918448925	-0.005855499766767025	0.0039036665111780167
SamsungGalaxyS3CM	5215484862000	0.006831416394561529	-0.005855499766767025	0.0039036665111780167
SamsungGalaxyS3CM	5215494841000	0.006831416394561529	-0.005855499766767025	0.0039036665111780167
SamsungGalaxyS3CM	5215504362000	0.006831416394561529	-0.005855499766767025	0.0039036665111780167
SamsungGalaxyS3CM	5215514830000	0.00878324918448925	-0.004879583138972521	0.0039036665111780167
SamsungGalaxyS3CM	5215524901000	0.006831416394561529	-0.005855499766767025	0.0039036665111780167
SamsungGalaxyS3CM	5215534849000	0.006831416394561529	-0.005855499766767025	0.0039036665111780167
SamsungGalaxyS3CM	5215545164000	0.00878324918448925	-0.004879583138972521	0.0029277498833835125
SamsungGalaxyS3CM	5215554869000	0.006831416394561529	-0.004879583138972521	0.0039036665111780167
SamsungGalaxyS3CM	5215565611000	0.00878324918448925	-0.004879583138972521	0.0039036665111780167
SamsungGalaxyS3CM	5215574339000	0.00878324918448925	-0.004879583138972521	0.0039036665111780167
SamsungGalaxyS3CM	5215584990000	0.00878324918448925	-0.004879583138972521	0.0039036665111780167
SamsungGalaxyS3CM	5215594267000	0.006831416394561529	-0.004879583138972521	0.0039036665111780167
SamsungGalaxyS3CM	5215604399000	0.006831416394561529	-0.004879583138972521	0.004879583138972521
SamsungGalaxyS3CM	5215614287000	0.006831416394561529	-0.004879583138972521	0.0039036665111780167
SamsungGalaxyS3CM	5215624357000	0.006831416394561529	-0.004879583138972521	0.0039036665111780167
SamsungGalaxyS3CM	5215634337000	0.006831416394561529	-0.005855499766767025	0.0039036665111780167
SamsungGalaxyS3CM	5215644560000	0.00878324918448925	-0.005855499766767025	0.0039036665111780167
SamsungGalaxyS3CM	5215654265000	0.00878324918448925	-0.004879583138972521	0.0039036665111780167
SamsungGalaxyS3CM	5215664335000	0.00878324918448925	-0.005855499766767025	0.004879583138972521
SamsungGalaxyS3CM	5215674223000	0.00878324918448925	-0.004879583138972521	0.004879583138972521
SamsungGalaxyS3CM	5215684386000	0.006831416394561529	-0.004879583138972521	0.0039036665111780167
SamsungGalaxyS3CM	5215696318000	0.006831416394561529	-0.005855499766767025	0.0039036665111780167
SamsungGalaxyS3CM	5215706480000	0.00878324918448925	-0.005855499766767025	0.0039036665111780167
SamsungGalaxyS3CM	5215716246000	0.00878324918448925	-0.004879583138972521	0.0039036665111780167
SamsungGalaxyS3CM	5215726012000	0.006831416394561529	-0.004879583138972521	0.0039036665111780167
SamsungGalaxyS3CM	5215736265000	0.00878324918448925	-0.004879583138972521	0.0039036665111780167
SamsungGalaxyS3CM	5215746428000	0.006831416394561529	-0.004879583138972521	0.0039036665111780167
SamsungGalaxyS3CM	5215756315000	0.006831416394561529	-0.004879583138972521	0.0039036665111780167
SamsungGalaxyS3CM	5215768095000	0.00878324918448925	-0.004879583138972521	0.0039036665111780167
SamsungGalaxyS3CM	5215776304000	0.00878324918448925	-0.004879583138972521	0.0039036665111780167
SamsungGalaxyS3CM	5215786284000	0.006831416394561529	-0.004879583138972521	0.0039036665111780167
SamsungGalaxyS3CM	5215796293000	0.00878324918448925	-0.004879583138972521	0.0039036665111780167
SamsungGalaxyS3CM	5215806303000	0.00878324918448925	-0.005855499766767025	0.0039036665111780167
SamsungGalaxyS3CM	5215816252000	0.00878324918448925	-0.005855499766767025	0.0039036665111780167
SamsungGalaxyS3CM	5215826323000	0.00878324918448925	-0.004879583138972521	0.0039036665111780167
SamsungGalaxyS3CM	5215836302000	0.00878324918448925	-0.004879583138972521	0.0039036665111780167
SamsungGalaxyS3CM	5215847899000	0.00878324918448925	-0.004879583138972521	0.0039036665111780167
SamsungGalaxyS3CM	5215857146000	0.00878324918448925	-0.004879583138972521	0.004879583138972521
SamsungGalaxyS3CM	5215866362000	0.00878324918448925	-0.004879583138972521	0.004879583138972521
SamsungGalaxyS3CM	5215877531000	0.00878324918448925	-0.005855499766767025	0.004879583138972521
SamsungGalaxyS3CM	5215887175000	0.006831416394561529	-0.005855499766767025	0.0039036665111780167
SamsungGalaxyS3CM	5215897246000	0.006831416394561529	-0.005855499766767025	0.0039036665111780167
SamsungGalaxyS3CM	5215907286000	0.00878324918448925	-0.005855499766767025	0.0039036665111780167
SamsungGalaxyS3CM	5215917174000	0.00878324918448925	-0.004879583138972521	0.0039036665111780167
SamsungGalaxyS3CM	5215931242000	0.00878324918448925	-0.004879583138972521	0.0039036665111780167
SamsungGalaxyS3CM	5215946654000	0.006831416394561529	-0.005855499766767025	0.0039036665111780167
SamsungGalaxyS3CM	5215957091000	0.00878324918448925	-0.004879583138972521	0.0039036665111780167
SamsungGalaxyS3CM	5215967070000	0.00878324918448925	-0.004879583138972521	0.004879583138972521
SamsungGalaxyS3CM	5215977049000	0.00878324918448925	-0.004879583138972521	0.0039036665111780167
SamsungGalaxyS3CM	5215987059000	0.00878324918448925	-0.004879583138972521	0.0039036665111780167
SamsungGalaxyS3CM	5215997099000	0.006831416394561529	-0.004879583138972521	0.0039036665111780167
SamsungGalaxyS3CM	5216010466000	0.00878324918448925	-0.005855499766767025	0.0039036665111780167
SamsungGalaxyS3CM	5216027098000	0.00878324918448925	-0.005855499766767025	0.0039036665111780167
SamsungGalaxyS3CM	5216037047000	0.00878324918448925	-0.004879583138972521	0.0039036665111780167
SamsungGalaxyS3CM	5216047087000	0.00878324918448925	-0.005855499766767025	0.0039036665111780167
SamsungGalaxyS3CM	5216057066000	0.00878324918448925	-0.004879583138972521	0.004879583138972521
SamsungGalaxyS3CM	5216067045000	0.006831416394561529	-0.005855499766767025	0.0039036665111780167
SamsungGalaxyS3CM	5216077055000	0.00878324918448925	-0.005855499766767025	0.004879583138972521
SamsungGalaxyS3CM	5216090910000	0.006831416394561529	-0.005855499766767025	0.0039036665111780167
SamsungGalaxyS3CM	5216107054000	0.00878324918448925	-0.004879583138972521	0.0039036665111780167
SamsungGalaxyS3CM	5216117033000	0.00878324918448925	-0.004879583138972521	0.0039036665111780167
SamsungGalaxyS3CM	5216127043000	0.00878324918448925	-0.005855499766767025	0.0039036665111780167
SamsungGalaxyS3CM	5216137175000	0.006831416394561529	-0.004879583138972521	0.0039036665111780167
SamsungGalaxyS3CM	5216147032000	0.006831416394561529	-0.005855499766767025	0.0039036665111780167
SamsungGalaxyS3CM	5216163389000	0.006831416394561529	-0.005855499766767025	0.0039036665111780167
SamsungGalaxyS3CM	5216177244000	0.00878324918448925	-0.004879583138972521	0.0039036665111780167
SamsungGalaxyS3CM	5216187041000	0.00878324918448925	-0.005855499766767025	0.0039036665111780167
SamsungGalaxyS3CM	5216197233000	0.006831416394561529	-0.004879583138972521	0.0039036665111780167
SamsungGalaxyS3CM	5216207030000	0.006831416394561529	-0.005855499766767025	0.0039036665111780167
SamsungGalaxyS3CM	5216217253000	0.006831416394561529	-0.005855499766767025	0.0039036665111780167
SamsungGalaxyS3CM	5216227019000	0.00878324918448925	-0.004879583138972521	0.0039036665111780167
SamsungGalaxyS3CM	5216240813000	0.00878324918448925	-0.005855499766767025	0.0039036665111780167
SamsungGalaxyS3CM	5216257292000	0.00878324918448925	-0.005855499766767025	0.0039036665111780167
SamsungGalaxyS3CM	5216267027000	0.006831416394561529	-0.005855499766767025	0.0039036665111780167
SamsungGalaxyS3CM	5216277220000	0.006831416394561529	-0.005855499766767025	0.0039036665111780167
SamsungGalaxyS3CM	5216286986000	0.006831416394561529	-0.005855499766767025	0.0039036665111780167
SamsungGalaxyS3CM	5216297270000	0.006831416394561529	-0.005855499766767025	0.0039036665111780167
SamsungGalaxyS3CM	5216307005000	0.006831416394561529	-0.005855499766767025	0.0039036665111780167
SamsungGalaxyS3CM	5216320769000	0.00878324918448925	-0.004879583138972521	0.0039036665111780167
SamsungGalaxyS3CM	5216337218000	0.00878324918448925	-0.005855499766767025	0.0039036665111780167
SamsungGalaxyS3CM	5216347014000	0.00878324918448925	-0.005855499766767025	0.0039036665111780167
SamsungGalaxyS3CM	5216357573000	0.00878324918448925	-0.004879583138972521	0.004879583138972521
SamsungGalaxyS3CM	5216367369000	0.00878324918448925	-0.005855499766767025	0.0039036665111780167
SamsungGalaxyS3CM	5216378355000	0.006831416394561529	-0.005855499766767025	0.0039036665111780167
SamsungGalaxyS3CM	5216385618000	0.006831416394561529	-0.004879583138972521	0.0039036665111780167
SamsungGalaxyS3CM	5216394743000	0.006831416394561529	-0.004879583138972521	0.0039036665111780167
SamsungGalaxyS3CM	5216405455000	0.00878324918448925	-0.004879583138972521	0.004879583138972521
SamsungGalaxyS3CM	5216415098000	0.00878324918448925	-0.004879583138972521	0.004879583138972521
SamsungGalaxyS3CM	5216426695000	0.006831416394561529	-0.004879583138972521	0.004879583138972521
SamsungGalaxyS3CM	5216438627000	0.006831416394561529	-0.005855499766767025	0.004879583138972521
SamsungGalaxyS3CM	5216444853000	0.006831416394561529	-0.005855499766767025	0.0039036665111780167
SamsungGalaxyS3CM	5216461302000	0.00878324918448925	-0.004879583138972521	0.0039036665111780167
SamsungGalaxyS3CM	5216474974000	0.00878324918448925	-0.004879583138972521	0.0029277498833835125
SamsungGalaxyS3CM	5216484984000	0.00878324918448925	-0.004879583138972521	0.0039036665111780167
SamsungGalaxyS3CM	5216494963000	0.006831416394561529	-0.004879583138972521	0.0039036665111780167
SamsungGalaxyS3CM	5216504668000	0.00878324918448925	-0.004879583138972521	0.0039036665111780167
SamsungGalaxyS3CM	5216514921000	0.00878324918448925	-0.005855499766767025	0.004879583138972521
SamsungGalaxyS3CM	5216524809000	0.006831416394561529	-0.005855499766767025	0.004879583138972521
SamsungGalaxyS3CM	5216535582000	0.00878324918448925	-0.005855499766767025	0.0039036665111780167
SamsungGalaxyS3CM	5216545012000	0.00878324918448925	-0.005855499766767025	0.0039036665111780167
SamsungGalaxyS3CM	5216554960000	0.00878324918448925	-0.005855499766767025	0.0039036665111780167
SamsungGalaxyS3CM	5216564818000	0.006831416394561529	-0.005855499766767025	0.0039036665111780167
SamsungGalaxyS3CM	5216574919000	0.00878324918448925	-0.005855499766767025	0.0039036665111780167
SamsungGalaxyS3CM	5216583952000	0.00878324918448925	-0.005855499766767025	0.0039036665111780167
SamsungGalaxyS3CM	5216593870000	0.00878324918448925	-0.006831416394561529	0.0039036665111780167
SamsungGalaxyS3CM	5216603575000	0.006831416394561529	-0.005855499766767025	0.004879583138972521
SamsungGalaxyS3CM	5216613859000	0.006831416394561529	-0.005855499766767025	0.004879583138972521
SamsungGalaxyS3CM	5216623869000	0.006831416394561529	-0.005855499766767025	0.004879583138972521
SamsungGalaxyS3CM	5216633848000	0.00878324918448925	-0.005855499766767025	0.0039036665111780167
SamsungGalaxyS3CM	5216643858000	0.006831416394561529	-0.004879583138972521	0.0039036665111780167
SamsungGalaxyS3CM	5216653837000	0.006831416394561529	-0.005855499766767025	0.0039036665111780167
SamsungGalaxyS3CM	5216664366000	0.00878324918448925	-0.005855499766767025	0.0039036665111780167
SamsungGalaxyS3CM	5216674223000	0.00878324918448925	-0.005855499766767025	0.0039036665111780167
SamsungGalaxyS3CM	5216684233000	0.00878324918448925	-0.005855499766767025	0.0039036665111780167
SamsungGalaxyS3CM	5216694212000	0.00878324918448925	-0.005855499766767025	0.0039036665111780167
SamsungGalaxyS3CM	5216704222000	0.00878324918448925	-0.004879583138972521	0.0039036665111780167
SamsungGalaxyS3CM	5216714232000	0.00878324918448925	-0.004879583138972521	0.0029277498833835125
SamsungGalaxyS3CM	5216724241000	0.006831416394561529	-0.005855499766767025	0.0029277498833835125
SamsungGalaxyS3CM	5216734221000	0.006831416394561529	-0.004879583138972521	0.0039036665111780167
SamsungGalaxyS3CM	5216744200000	0.006831416394561529	-0.005855499766767025	0.0039036665111780167
SamsungGalaxyS3CM	5216756193000	0.00878324918448925	-0.004879583138972521	0.0039036665111780167
SamsungGalaxyS3CM	5216765867000	0.00878324918448925	-0.004879583138972521	0.0039036665111780167
SamsungGalaxyS3CM	5216776213000	0.006831416394561529	-0.004879583138972521	0.0039036665111780167
SamsungGalaxyS3CM	5216786375000	0.006831416394561529	-0.004879583138972521	0.0039036665111780167
SamsungGalaxyS3CM	5216796232000	0.00878324918448925	-0.0039036665111780167	0.0039036665111780167
SamsungGalaxyS3CM	5216806456000	0.00878324918448925	-0.0039036665111780167	0.0039036665111780167
SamsungGalaxyS3CM	5216818114000	0.00878324918448925	-0.004879583138972521	0.004879583138972521
SamsungGalaxyS3CM	5216826262000	0.00878324918448925	-0.004879583138972521	0.004879583138972521
SamsungGalaxyS3CM	5216836272000	0.00878324918448925	-0.004879583138972521	0.004879583138972521
SamsungGalaxyS3CM	5216846434000	0.00878324918448925	-0.004879583138972521	0.0039036665111780167
SamsungGalaxyS3CM	5216856291000	0.006831416394561529	-0.004879583138972521	0.0039036665111780167
SamsungGalaxyS3CM	5216866545000	0.006831416394561529	-0.0039036665111780167	0.0029277498833835125
SamsungGalaxyS3CM	5216887205000	0.00878324918448925	-0.004879583138972521	0.0039036665111780167
SamsungGalaxyS3CM	5216896300000	0.00878324918448925	-0.004879583138972521	0.0039036665111780167
SamsungGalaxyS3CM	5216908385000	0.00878324918448925	-0.004879583138972521	0.0039036665111780167
SamsungGalaxyS3CM	5216916289000	0.00878324918448925	-0.004879583138972521	0.0039036665111780167
SamsungGalaxyS3CM	5216926695000	0.00878324918448925	-0.004879583138972521	0.0039036665111780167
SamsungGalaxyS3CM	5216936400000	0.00878324918448925	-0.004879583138972521	0.0039036665111780167
SamsungGalaxyS3CM	5216946440000	0.00878324918448925	-0.004879583138972521	0.0039036665111780167
SamsungGalaxyS3CM	5216957152000	0.006831416394561529	-0.004879583138972521	0.0039036665111780167
SamsungGalaxyS3CM	5216967253000	0.006831416394561529	-0.005855499766767025	0.0039036665111780167
SamsungGalaxyS3CM	5216977141000	0.006831416394561529	-0.005855499766767025	0.0029277498833835125
SamsungGalaxyS3CM	5216990660000	0.006831416394561529	-0.004879583138972521	0.0039036665111780167
SamsungGalaxyS3CM	5217007292000	0.00878324918448925	-0.004879583138972521	0.0039036665111780167
SamsungGalaxyS3CM	5217017027000	0.00878324918448925	-0.005855499766767025	0.0039036665111780167
SamsungGalaxyS3CM	5217027281000	0.00878324918448925	-0.005855499766767025	0.004879583138972521
SamsungGalaxyS3CM	5217037047000	0.00878324918448925	-0.005855499766767025	0.004879583138972521
SamsungGalaxyS3CM	5217047117000	0.00878324918448925	-0.005855499766767025	0.0039036665111780167
SamsungGalaxyS3CM	5217057097000	0.00878324918448925	-0.005855499766767025	0.0039036665111780167
SamsungGalaxyS3CM	5217070616000	0.00878324918448925	-0.004879583138972521	0.0039036665111780167
SamsungGalaxyS3CM	5217087218000	0.00878324918448925	-0.004879583138972521	0.0039036665111780167
SamsungGalaxyS3CM	5217097105000	0.006831416394561529	-0.005855499766767025	0.0039036665111780167
SamsungGalaxyS3CM	5217107420000	0.006831416394561529	-0.004879583138972521	0.004879583138972521
SamsungGalaxyS3CM	5217117064000	0.00878324918448925	-0.005855499766767025	0.004879583138972521
SamsungGalaxyS3CM	5217127959000	0.00878324918448925	-0.005855499766767025	0.0039036665111780167
SamsungGalaxyS3CM	5217137114000	0.00878324918448925	-0.005855499766767025	0.0039036665111780167
SamsungGalaxyS3CM	5217150877000	0.00878324918448925	-0.005855499766767025	0.0039036665111780167
SamsungGalaxyS3CM	5217168944000	0.006831416394561529	-0.005855499766767025	0.0039036665111780167
SamsungGalaxyS3CM	5217176878000	0.00878324918448925	-0.005855499766767025	0.0039036665111780167
SamsungGalaxyS3CM	5217187590000	0.00878324918448925	-0.005855499766767025	0.0029277498833835125
SamsungGalaxyS3CM	5217197081000	0.006831416394561529	-0.005855499766767025	0.0039036665111780167
SamsungGalaxyS3CM	5217207213000	0.006831416394561529	-0.005855499766767025	0.0039036665111780167
SamsungGalaxyS3CM	5217217192000	0.00878324918448925	-0.004879583138972521	0.004879583138972521
SamsungGalaxyS3CM	5217230681000	0.00878324918448925	-0.005855499766767025	0.0039036665111780167
SamsungGalaxyS3CM	5217247282000	0.00878324918448925	-0.004879583138972521	0.0039036665111780167
SamsungGalaxyS3CM	5217257048000	0.00878324918448925	-0.004879583138972521	0.0039036665111780167
SamsungGalaxyS3CM	5217267210000	0.00878324918448925	-0.004879583138972521	0.0039036665111780167
SamsungGalaxyS3CM	5217277037000	0.00878324918448925	-0.004879583138972521	0.0039036665111780167
SamsungGalaxyS3CM	5217287230000	0.00878324918448925	-0.004879583138972521	0.0039036665111780167
SamsungGalaxyS3CM	5217297056000	0.00878324918448925	-0.004879583138972521	0.0039036665111780167
SamsungGalaxyS3CM	5217310698000	0.00878324918448925	-0.004879583138972521	0.0039036665111780167
SamsungGalaxyS3CM	5217327238000	0.006831416394561529	-0.004879583138972521	0.0039036665111780167
SamsungGalaxyS3CM	5217337065000	0.006831416394561529	-0.004879583138972521	0.0039036665111780167
SamsungGalaxyS3CM	5217347044000	0.006831416394561529	-0.004879583138972521	0.004879583138972521
SamsungGalaxyS3CM	5217357054000	0.00878324918448925	-0.004879583138972521	0.0039036665111780167
SamsungGalaxyS3CM	5217377379000	0.00878324918448925	-0.004879583138972521	0.0039036665111780167
SamsungGalaxyS3CM	5217389708000	0.00878324918448925	-0.005855499766767025	0.0039036665111780167
SamsungGalaxyS3CM	5217395567000	0.00878324918448925	-0.005855499766767025	0.0039036665111780167
SamsungGalaxyS3CM	5217404997000	0.00878324918448925	-0.004879583138972521	0.0039036665111780167
SamsungGalaxyS3CM	5217415709000	0.006831416394561529	-0.004879583138972521	0.0039036665111780167
SamsungGalaxyS3CM	5217428099000	0.00878324918448925	-0.005855499766767025	0.0039036665111780167
SamsungGalaxyS3CM	5217436217000	0.006831416394561529	-0.004879583138972521	0.0039036665111780167
SamsungGalaxyS3CM	5217445097000	0.006831416394561529	-0.004879583138972521	0.0039036665111780167
SamsungGalaxyS3CM	5217461485000	0.00878324918448925	-0.004879583138972521	0.0039036665111780167
SamsungGalaxyS3CM	5217475004000	0.006831416394561529	-0.004879583138972521	0.004879583138972521
SamsungGalaxyS3CM	5217484526000	0.00878324918448925	-0.005855499766767025	0.0039036665111780167
SamsungGalaxyS3CM	5217495054000	0.00878324918448925	-0.004879583138972521	0.0039036665111780167
SamsungGalaxyS3CM	5217504820000	0.00878324918448925	-0.005855499766767025	0.0039036665111780167
SamsungGalaxyS3CM	5217515410000	0.006831416394561529	-0.004879583138972521	0.0039036665111780167
SamsungGalaxyS3CM	5217525175000	0.00878324918448925	-0.004879583138972521	0.0039036665111780167
SamsungGalaxyS3CM	5217534849000	0.00878324918448925	-0.004879583138972521	0.0039036665111780167
SamsungGalaxyS3CM	5217545286000	0.00878324918448925	-0.004879583138972521	0.0039036665111780167
SamsungGalaxyS3CM	5217555235000	0.00878324918448925	-0.004879583138972521	0.0039036665111780167
SamsungGalaxyS3CM	5217565214000	0.00878324918448925	-0.004879583138972521	0.0039036665111780167
SamsungGalaxyS3CM	5217574339000	0.00878324918448925	-0.004879583138972521	0.0039036665111780167
SamsungGalaxyS3CM	5217584227000	0.006831416394561529	-0.004879583138972521	0.004879583138972521
SamsungGalaxyS3CM	5217594267000	0.006831416394561529	-0.004879583138972521	0.004879583138972521
SamsungGalaxyS3CM	5217604246000	0.006831416394561529	-0.004879583138972521	0.004879583138972521
SamsungGalaxyS3CM	5217614470000	0.006831416394561529	-0.004879583138972521	0.004879583138972521
SamsungGalaxyS3CM	5217624205000	0.006831416394561529	-0.004879583138972521	0.004879583138972521
SamsungGalaxyS3CM	5217635161000	0.006831416394561529	-0.005855499766767025	0.004879583138972521
SamsungGalaxyS3CM	5217644255000	0.006831416394561529	-0.004879583138972521	0.004879583138972521
SamsungGalaxyS3CM	5217653807000	0.006831416394561529	-0.004879583138972521	0.004879583138972521
SamsungGalaxyS3CM	5217665282000	0.006831416394561529	-0.004879583138972521	0.0039036665111780167
SamsungGalaxyS3CM	5217674284000	0.006831416394561529	-0.004879583138972521	0.0039036665111780167
SamsungGalaxyS3CM	5217686644000	0.006831416394561529	-0.004879583138972521	0.004879583138972521
