displayname	timestamp	x	y	z
Nexus6x05	1030170677210159	0.00030517578125	0.000335693359375	-0.1427459716796875
Nexus6x05	1030170682306594	0.0008697509765625	0.000946044921875	-0.1427459716796875
Nexus6x05	1030170685663528	0.001129150390625	0.0012359619140625	-0.1427459716796875
Nexus6x05	1030170689600296	0.0013580322265625	0.001495361328125	-0.1427459716796875
Nexus6x05	1030170693506546	0.0018768310546875	0.0017547607421875	-0.1441802978515625
Nexus6x05	1030170697962112	0.0023651123046875	0.0019989013671875	-0.1443023681640625
Nexus6x05	1030170702387161	0.0028228759765625	0.002227783203125	-0.1441650390625
Nexus6x05	1030170706842727	0.0032501220703125	0.00244140625	-0.1440887451171875
Nexus6x05	1030170711298294	0.0036468505859375	0.0026397705078125	-0.1440277099609375
Nexus6x05	1030170715723343	0.0034942626953125	0.002899169921875	-0.1439666748046875
Nexus6x05	1030170720178909	0.0033416748046875	0.0031280517578125	-0.1438140869140625
Nexus6x05	1030170724634475	0.003204345703125	0.00335693359375	-0.143646240234375
Nexus6x05	1030170729059524	0.003082275390625	0.003570556640625	-0.143463134765625
Nexus6x05	1030170733515091	0.002960205078125	0.003753662109375	-0.143218994140625
Nexus6x05	1030170737970657	0.003173828125	0.003753662109375	-0.142974853515625
Nexus6x05	1030170742395706	0.0033721923828125	0.003753662109375	-0.1427154541015625
Nexus6x05	1030170746851272	0.0035552978515625	0.0037384033203125	-0.1424713134765625
Nexus6x05	1030170751306839	0.0037384033203125	0.0037384033203125	-0.142333984375
Nexus6x05	1030170755731887	0.00390625	0.0037384033203125	-0.1422119140625
Nexus6x05	1030170760187454	0.00445556640625	0.0036773681640625	-0.1421051025390625
Nexus6x05	1030170764643020	0.0049896240234375	0.003631591796875	-0.1421051025390625
Nexus6x05	1030170769098587	0.0054779052734375	0.0035858154296875	-0.1421051025390625
Nexus6x05	1030170773523636	0.0059356689453125	0.0035400390625	-0.1421051025390625
Nexus6x05	1030170777979202	0.0063629150390625	0.003509521484375	-0.1419677734375
Nexus6x05	1030170782434768	0.0063934326171875	0.00372314453125	-0.1418914794921875
Nexus6x05	1030170786859817	0.006439208984375	0.003936767578125	-0.1418304443359375
Nexus6x05	1030170791315384	0.0064697265625	0.004119873046875	-0.1418304443359375
Nexus6x05	1030170795770950	0.006500244140625	0.004302978515625	-0.1418304443359375
Nexus6x05	1030170800195999	0.0065460205078125	0.0044708251953125	-0.1418304443359375
Nexus6x05	1030170804651565	0.00665283203125	0.004638671875	-0.1418304443359375
Nexus6x05	1030170809107132	0.00677490234375	0.0048065185546875	-0.1418304443359375
Nexus6x05	1030170813532180	0.0068817138671875	0.0049591064453125	-0.1418304443359375
Nexus6x05	1030170817987747	0.0069732666015625	0.005096435546875	-0.1415252685546875
Nexus6x05	1030170822443313	0.0070648193359375	0.0052337646484375	-0.1413421630859375
Nexus6x05	1030170826868362	0.0068817138671875	0.0051422119140625	-0.14117431640625
Nexus6x05	1030170831323928	0.0067138671875	0.00506591796875	-0.1410064697265625
Nexus6x05	1030170835779495	0.006561279296875	0.004974365234375	-0.140869140625
Nexus6x05	1030170840235061	0.00640869140625	0.004913330078125	-0.1407318115234375
Nexus6x05	1030170844660110	0.0062713623046875	0.0048370361328125	-0.1406097412109375
Nexus6x05	1030170849115677	0.0064697265625	0.004638671875	-0.140594482421875
Nexus6x05	1030170853571243	0.00665283203125	0.00445556640625	-0.140594482421875
Nexus6x05	1030170857996292	0.0068359375	0.0042877197265625	-0.140594482421875
Nexus6x05	1030170862451858	0.0070037841796875	0.0041351318359375	-0.1404571533203125
Nexus6x05	1030170866907425	0.0071563720703125	0.0039825439453125	-0.140350341796875
Nexus6x05	1030170871332473	0.0069427490234375	0.0040130615234375	-0.1402587890625
Nexus6x05	1030170875788040	0.0067291259765625	0.004058837890625	-0.14013671875
Nexus6x05	1030170880243606	0.0065460205078125	0.00408935546875	-0.1399993896484375
Nexus6x05	1030170884668655	0.0063629150390625	0.0041046142578125	-0.1398773193359375
Nexus6x05	1030170889124221	0.006195068359375	0.0041351318359375	-0.1397552490234375
Nexus6x05	1030170893579788	0.006500244140625	0.004241943359375	-0.1396026611328125
Nexus6x05	1030170898004837	0.0067901611328125	0.00433349609375	-0.1394500732421875
Nexus6x05	1030170902460403	0.007049560546875	0.004425048828125	-0.1392974853515625
Nexus6x05	1030170906915969	0.007293701171875	0.0045013427734375	-0.1390380859375
Nexus6x05	1030170911371536	0.0075225830078125	0.00457763671875	-0.13873291015625
Nexus6x05	1030170915796585	0.0074310302734375	0.00445556640625	-0.1384429931640625
Nexus6x05	1030170920252151	0.00732421875	0.00433349609375	-0.1381988525390625
Nexus6x05	1030170924707718	0.0072479248046875	0.0042266845703125	-0.137969970703125
Nexus6x05	1030170929132766	0.0071563720703125	0.004119873046875	-0.13775634765625
Nexus6x05	1030170933588333	0.007080078125	0.0040283203125	-0.137481689453125
Nexus6x05	1030170938043899	0.0069427490234375	0.0039215087890625	-0.13720703125
Nexus6x05	1030170942468948	0.006805419921875	0.003814697265625	-0.136932373046875
Nexus6x05	1030170946924514	0.006683349609375	0.0037078857421875	-0.13671875
Nexus6x05	1030170951380081	0.006561279296875	0.0036163330078125	-0.136505126953125
Nexus6x05	1030170955805130	0.0064544677734375	0.0035247802734375	-0.136322021484375
Nexus6x05	1030170960260696	0.00640869140625	0.003387451171875	-0.1361236572265625
Nexus6x05	1030170964716262	0.0063629150390625	0.003265380859375	-0.135955810546875
Nexus6x05	1030170969141311	0.0063323974609375	0.003143310546875	-0.1357879638671875
Nexus6x05	1030170973596878	0.00628662109375	0.0030364990234375	-0.1356353759765625
Nexus6x05	1030170978052444	0.006256103515625	0.0029296875	-0.1355133056640625
Nexus6x05	1030170982477493	0.0059967041015625	0.00299072265625	-0.1353912353515625
Nexus6x05	1030170986933059	0.0057525634765625	0.0030670166015625	-0.135284423828125
Nexus6x05	1030170991388626	0.005523681640625	0.0031280517578125	-0.135223388671875
Nexus6x05	1030170995844192	0.00531005859375	0.003173828125	-0.135162353515625
Nexus6x05	1030171000269241	0.0051116943359375	0.00323486328125	-0.135101318359375
Nexus6x05	1030171004724807	0.004730224609375	0.0034027099609375	-0.134979248046875
Nexus6x05	1030171009180374	0.00439453125	0.0035552978515625	-0.1348724365234375
Nexus6x05	1030171013605423	0.004058837890625	0.003692626953125	-0.1347503662109375
Nexus6x05	1030171018060989	0.003753662109375	0.0038299560546875	-0.1346588134765625
Nexus6x05	1030171022516555	0.00347900390625	0.00396728515625	-0.13458251953125
Nexus6x05	1030171026941604	0.003631591796875	0.0039520263671875	-0.1345062255859375
Nexus6x05	1030171031397171	0.0037841796875	0.003936767578125	-0.134429931640625
Nexus6x05	1030171035852737	0.003936767578125	0.0039215087890625	-0.1344146728515625
Nexus6x05	1030171040277786	0.004058837890625	0.00390625	-0.1343994140625
Nexus6x05	1030171044733352	0.0041961669921875	0.00390625	-0.1343994140625
Nexus6x05	1030171049188919	0.0042724609375	0.0040130615234375	-0.134307861328125
Nexus6x05	1030171053613968	0.004364013671875	0.004119873046875	-0.1342010498046875
Nexus6x05	1030171058069534	0.0044403076171875	0.0042266845703125	-0.13409423828125
Nexus6x05	1030171062525100	0.0045013427734375	0.0043182373046875	-0.1339569091796875
Nexus6x05	1030171066980667	0.00457763671875	0.0044097900390625	-0.1338043212890625
Nexus6x05	1030171071405716	0.00445556640625	0.00439453125	-0.1336669921875
Nexus6x05	1030171075861282	0.0043487548828125	0.0043792724609375	-0.1335906982421875
Nexus6x05	1030171080316848	0.004241943359375	0.0043792724609375	-0.133514404296875
Nexus6x05	1030171084741897	0.004150390625	0.004364013671875	-0.133453369140625
Nexus6x05	1030171089197464	0.004058837890625	0.004364013671875	-0.133331298828125
Nexus6x05	1030171093653030	0.0043182373046875	0.0045318603515625	-0.1331939697265625
Nexus6x05	1030171098078079	0.0045623779296875	0.00469970703125	-0.1330718994140625
Nexus6x05	1030171102533645	0.0048065185546875	0.004852294921875	-0.1329498291015625
Nexus6x05	1030171106989212	0.0050201416015625	0.0050048828125	-0.1327667236328125
Nexus6x05	1030171111414261	0.005218505859375	0.0051422119140625	-0.132568359375
Nexus6x05	1030171115869827	0.0055084228515625	0.0052032470703125	-0.1323699951171875
Nexus6x05	1030171120325393	0.0057830810546875	0.0052642822265625	-0.132415771484375
Nexus6x05	1030171124750442	0.00604248046875	0.0053253173828125	-0.1324920654296875
Nexus6x05	1030171129206009	0.00628662109375	0.0053863525390625	-0.132598876953125
Nexus6x05	1030171133661575	0.006500244140625	0.00543212890625	-0.1324462890625
Nexus6x05	1030171138117141	0.0064239501953125	0.0055389404296875	-0.13226318359375
Nexus6x05	1030171142542190	0.00634765625	0.0056304931640625	-0.132080078125
Nexus6x05	1030171146997757	0.0062713623046875	0.0057220458984375	-0.1322784423828125
Nexus6x05	1030171151453323	0.0062103271484375	0.00579833984375	-0.132537841796875
Nexus6x05	1030171155878372	0.0061492919921875	0.0058746337890625	-0.1328125
Nexus6x05	1030171160333938	0.00604248046875	0.0056304931640625	-0.132659912109375
Nexus6x05	1030171164789505	0.005950927734375	0.0054168701171875	-0.132415771484375
Nexus6x05	1030171169214553	0.005859375	0.005218505859375	-0.1321563720703125
Nexus6x05	1030171173670120	0.0057830810546875	0.0050201416015625	-0.1319122314453125
Nexus6x05	1030171178125686	0.005706787109375	0.004852294921875	-0.1318359375
Nexus6x05	1030171182550735	0.00579833984375	0.0048980712890625	-0.131805419921875
Nexus6x05	1030171187006302	0.0059051513671875	0.00494384765625	-0.1317901611328125
Nexus6x05	1030171191461868	0.0059967041015625	0.004974365234375	-0.13189697265625
Nexus6x05	1030171195886917	0.006072998046875	0.0050201416015625	-0.13201904296875
Nexus6x05	1030171200342483	0.0061492919921875	0.0050506591796875	-0.1321563720703125
Nexus6x05	1030171204798050	0.0061187744140625	0.005279541015625	-0.1320648193359375
Nexus6x05	1030171209223098	0.0060882568359375	0.0054931640625	-0.1319427490234375
Nexus6x05	1030171213678665	0.006072998046875	0.0056915283203125	-0.131805419921875
Nexus6x05	1030171218134231	0.00604248046875	0.0058746337890625	-0.13177490234375
Nexus6x05	1030171222589798	0.0060272216796875	0.0060577392578125	-0.131744384765625
Nexus6x05	1030171227014846	0.0062103271484375	0.0063629150390625	-0.1317291259765625
Nexus6x05	1030171231470413	0.006378173828125	0.00665283203125	-0.1318511962890625
Nexus6x05	1030171235925979	0.0065460205078125	0.006927490234375	-0.1320037841796875
Nexus6x05	1030171240351028	0.0066986083984375	0.007171630859375	-0.132171630859375
Nexus6x05	1030171244806594	0.0068511962890625	0.007415771484375	-0.13232421875
Nexus6x05	1030171249262161	0.0068206787109375	0.0071868896484375	-0.132293701171875
Nexus6x05	1030171253687210	0.006805419921875	0.0069732666015625	-0.1322174072265625
Nexus6x05	1030171258142776	0.0067901611328125	0.00677490234375	-0.13214111328125
Nexus6x05	1030171262598343	0.0067596435546875	0.006591796875	-0.1322021484375
Nexus6x05	1030171267023391	0.006744384765625	0.0064239501953125	-0.1322784423828125
Nexus6x05	1030171271478958	0.0067901611328125	0.0064697265625	-0.132354736328125
Nexus6x05	1030171275934524	0.0068359375	0.0065155029296875	-0.1322479248046875
Nexus6x05	1030171280359573	0.006866455078125	0.0065460205078125	-0.132110595703125
Nexus6x05	1030171284815139	0.00689697265625	0.006591796875	-0.1319580078125
Nexus6x05	1030171289270706	0.006927490234375	0.006622314453125	-0.1319122314453125
Nexus6x05	1030171293726272	0.00677490234375	0.0064239501953125	-0.13189697265625
Nexus6x05	1030171298151321	0.0066375732421875	0.0062408447265625	-0.131866455078125
Nexus6x05	1030171302606887	0.006500244140625	0.0060577392578125	-0.1318511962890625
Nexus6x05	1030171307062454	0.006378173828125	0.0059051513671875	-0.1318206787109375
Nexus6x05	1030171311487503	0.0062713623046875	0.0057525634765625	-0.1317901611328125
Nexus6x05	1030171315943069	0.0062408447265625	0.0055389404296875	-0.1317596435546875
Nexus6x05	1030171320398636	0.0062103271484375	0.0053558349609375	-0.1317901611328125
Nexus6x05	1030171324823684	0.006195068359375	0.0051727294921875	-0.1318206787109375
Nexus6x05	1030171329279251	0.00616455078125	0.0050048828125	-0.1318511962890625
Nexus6x05	1030171333734817	0.0061492919921875	0.0048370361328125	-0.1320648193359375
Nexus6x05	1030171338159866	0.0055694580078125	0.0048828125	-0.13232421875
Nexus6x05	1030171342615432	0.005035400390625	0.0049285888671875	-0.1325836181640625
Nexus6x05	1030171347070999	0.0045318603515625	0.0049591064453125	-0.132659912109375
Nexus6x05	1030171351496048	0.004058837890625	0.0049896240234375	-0.1326751708984375
Nexus6x05	1030171355951614	0.0036163330078125	0.0050201416015625	-0.1326904296875
Nexus6x05	1030171360407180	0.0039215087890625	0.004669189453125	-0.1326446533203125
Nexus6x05	1030171364862747	0.00421142578125	0.0043182373046875	-0.1325836181640625
Nexus6x05	1030171369287796	0.0044708251953125	0.0040130615234375	-0.1325225830078125
Nexus6x05	1030171373743362	0.0047149658203125	0.0037078857421875	-0.1323699951171875
Nexus6x05	1030171378198928	0.00494384765625	0.0034332275390625	-0.1322021484375
Nexus6x05	1030171382623977	0.0052337646484375	0.003875732421875	-0.13201904296875
Nexus6x05	1030171387079544	0.0055084228515625	0.0042724609375	-0.131866455078125
Nexus6x05	1030171391535110	0.005767822265625	0.0046539306640625	-0.1319122314453125
Nexus6x05	1030171395960159	0.006011962890625	0.0050201416015625	-0.13201904296875
Nexus6x05	1030171400415725	0.0062408447265625	0.0053558349609375	-0.1321258544921875
Nexus6x05	1030171404871292	0.0060577392578125	0.005279541015625	-0.1321258544921875
Nexus6x05	1030171409296341	0.005889892578125	0.0052032470703125	-0.1320953369140625
Nexus6x05	1030171413751907	0.0057373046875	0.005126953125	-0.132049560546875
Nexus6x05	1030171418207473	0.005584716796875	0.00506591796875	-0.1319427490234375
Nexus6x05	1030171422663040	0.0054473876953125	0.0050048828125	-0.1318206787109375
Nexus6x05	1030171427118606	0.0055999755859375	0.0046234130859375	-0.131683349609375
Nexus6x05	1030171431574173	0.0057373046875	0.0042572021484375	-0.1316680908203125
Nexus6x05	1030171436029739	0.0058746337890625	0.0039215087890625	-0.13165283203125
Nexus6x05	1030171440485305	0.0059967041015625	0.00360107421875	-0.13165283203125
Nexus6x05	1030171444940872	0.0061187744140625	0.0033111572265625	-0.131622314453125
Nexus6x05	1030171449396438	0.0062255859375	0.003509521484375	-0.131591796875
Nexus6x05	1030171453821487	0.0063323974609375	0.003692626953125	-0.1315460205078125
Nexus6x05	1030171458277053	0.0064239501953125	0.003875732421875	-0.1315155029296875
Nexus6x05	1030171462732620	0.0065155029296875	0.0040435791015625	-0.1314544677734375
Nexus6x05	1030171467188186	0.0066070556640625	0.0041961669921875	-0.131378173828125
Nexus6x05	1030171471643753	0.0063934326171875	0.0044403076171875	-0.131317138671875
Nexus6x05	1030171476099319	0.006195068359375	0.004669189453125	-0.1313018798828125
Nexus6x05	1030171480554886	0.0059967041015625	0.0048828125	-0.131317138671875
Nexus6x05	1030171485010452	0.0058135986328125	0.0050811767578125	-0.131317138671875
Nexus6x05	1030171489466018	0.005645751953125	0.0052642822265625	-0.1312408447265625
Nexus6x05	1030171493921585	0.0055999755859375	0.0053253173828125	-0.131134033203125
Nexus6x05	1030171498377151	0.0055389404296875	0.0053863525390625	-0.1310272216796875
Nexus6x05	1030171502802200	0.0054931640625	0.00543212890625	-0.1309051513671875
Nexus6x05	1030171507257766	0.0054473876953125	0.0054779052734375	-0.13079833984375
Nexus6x05	1030171511713333	0.005401611328125	0.0055389404296875	-0.1306915283203125
Nexus6x05	1030171516168899	0.0055999755859375	0.005401611328125	-0.1305694580078125
Nexus6x05	1030171520624466	0.00579833984375	0.005279541015625	-0.1304473876953125
Nexus6x05	1030171525080032	0.0059814453125	0.005157470703125	-0.1303253173828125
Nexus6x05	1030171529535598	0.0061492919921875	0.0050506591796875	-0.1302032470703125
Nexus6x05	1030171533991165	0.006317138671875	0.0049591064453125	-0.1299896240234375
Nexus6x05	1030171538446731	0.00604248046875	0.0051422119140625	-0.1297760009765625
Nexus6x05	1030171542902298	0.00579833984375	0.00531005859375	-0.1295623779296875
Nexus6x05	1030171547357864	0.0055694580078125	0.0054779052734375	-0.1295928955078125
Nexus6x05	1030171551782913	0.0053558349609375	0.0056304931640625	-0.129669189453125
Nexus6x05	1030171556238479	0.005157470703125	0.0057830810546875	-0.1297607421875
Nexus6x05	1030171560694046	0.004974365234375	0.0059967041015625	-0.129913330078125
Nexus6x05	1030171565149612	0.004791259765625	0.0062103271484375	-0.130096435546875
Nexus6x05	1030171569605178	0.0046234130859375	0.00640869140625	-0.1302642822265625
Nexus6x05	1030171574060745	0.0044708251953125	0.006591796875	-0.130279541015625
Nexus6x05	1030171578516311	0.0043182373046875	0.00677490234375	-0.1302490234375
Nexus6x05	1030171582971878	0.004852294921875	0.006500244140625	-0.130218505859375
Nexus6x05	1030171587427444	0.005340576171875	0.006256103515625	-0.1303253173828125
Nexus6x05	1030171591883011	0.0058135986328125	0.0060272216796875	-0.1304473876953125
Nexus6x05	1030171596338577	0.006256103515625	0.0058135986328125	-0.130584716796875
Nexus6x05	1030171600763626	0.00665283203125	0.005615234375	-0.1307220458984375
Nexus6x05	1030171605219192	0.0066680908203125	0.00579833984375	-0.13067626953125
Nexus6x05	1030171609674759	0.006683349609375	0.0059661865234375	-0.130615234375
Nexus6x05	1030171614130325	0.0066986083984375	0.006134033203125	-0.13055419921875
Nexus6x05	1030171618585891	0.0067138671875	0.00628662109375	-0.130615234375
Nexus6x05	1030171623041458	0.0067291259765625	0.0064239501953125	-0.1307220458984375
Nexus6x05	1030171627497024	0.0066375732421875	0.00640869140625	-0.130828857421875
Nexus6x05	1030171631952591	0.006561279296875	0.0063934326171875	-0.1310882568359375
Nexus6x05	1030171636408157	0.0064849853515625	0.0063934326171875	-0.131378173828125
Nexus6x05	1030171640863723	0.0064239501953125	0.006378173828125	-0.1316680908203125
Nexus6x05	1030171645319290	0.0063629150390625	0.0063629150390625	-0.1318206787109375
Nexus6x05	1030171649744339	0.0062408447265625	0.006500244140625	-0.1319580078125
Nexus6x05	1030171654199905	0.0061187744140625	0.0066375732421875	-0.1320953369140625
Nexus6x05	1030171658655471	0.006011962890625	0.006744384765625	-0.13201904296875
Nexus6x05	1030171663111038	0.00592041015625	0.006866455078125	-0.13189697265625
Nexus6x05	1030171667566604	0.005828857421875	0.0069732666015625	-0.13177490234375
Nexus6x05	1030171672022171	0.005706787109375	0.006866455078125	-0.1316375732421875
Nexus6x05	1030171676477737	0.005584716796875	0.0067596435546875	-0.1314849853515625
Nexus6x05	1030171680933303	0.0054779052734375	0.0066680908203125	-0.131317138671875
Nexus6x05	1030171685388870	0.00537109375	0.006591796875	-0.13116455078125
Nexus6x05	1030171689844436	0.0052642822265625	0.006500244140625	-0.1312103271484375
Nexus6x05	1030171694300003	0.005126953125	0.006500244140625	-0.1313018798828125
Nexus6x05	1030171698725052	0.0049896240234375	0.0064849853515625	-0.13140869140625
Nexus6x05	1030171703180618	0.0048675537109375	0.0064849853515625	-0.131256103515625
Nexus6x05	1030171707636184	0.0047454833984375	0.0064697265625	-0.1310577392578125
Nexus6x05	1030171712091751	0.004638671875	0.0064697265625	-0.130859375
Nexus6x05	1030171716547317	0.0045623779296875	0.0064239501953125	-0.1307373046875
Nexus6x05	1030171721002884	0.0045166015625	0.006378173828125	-0.130615234375
Nexus6x05	1030171725458450	0.00445556640625	0.00634765625	-0.1305084228515625
Nexus6x05	1030171729914016	0.00439453125	0.0063018798828125	-0.1304779052734375
Nexus6x05	1030171734369583	0.0043487548828125	0.0062713623046875	-0.1304779052734375
Nexus6x05	1030171738825149	0.004364013671875	0.00634765625	-0.130462646484375
Nexus6x05	1030171743280716	0.0043792724609375	0.00640869140625	-0.130462646484375
Nexus6x05	1030171747705764	0.00439453125	0.0064697265625	-0.130523681640625
Nexus6x05	1030171752161331	0.0044097900390625	0.00653076171875	-0.130615234375
Nexus6x05	1030171756616897	0.004425048828125	0.0065765380859375	-0.1306915283203125
Nexus6x05	1030171761072464	0.0040283203125	0.0062713623046875	-0.13067626953125
Nexus6x05	1030171765528030	0.003662109375	0.0059967041015625	-0.130645751953125
Nexus6x05	1030171769983596	0.003326416015625	0.0057373046875	-0.1305999755859375
Nexus6x05	1030171774439163	0.0030059814453125	0.0054779052734375	-0.1305999755859375
Nexus6x05	1030171778894729	0.0027008056640625	0.0052490234375	-0.130615234375
Nexus6x05	1030171783350296	0.0027313232421875	0.0056304931640625	-0.1306304931640625
Nexus6x05	1030171787805862	0.0027618408203125	0.0059814453125	-0.130706787109375
Nexus6x05	1030171792261428	0.002777099609375	0.006317138671875	-0.1308135986328125
Nexus6x05	1030171796686477	0.0028076171875	0.006622314453125	-0.13092041015625
Nexus6x05	1030171801142044	0.0028228759765625	0.0069122314453125	-0.1308135986328125
Nexus6x05	1030171805597610	0.00299072265625	0.0068817138671875	-0.13067626953125
Nexus6x05	1030171810053177	0.003143310546875	0.006866455078125	-0.130523681640625
Nexus6x05	1030171814508743	0.0032958984375	0.0068359375	-0.13037109375
Nexus6x05	1030171818964309	0.0034332275390625	0.0068206787109375	-0.1302032470703125
Nexus6x05	1030171823419876	0.0035552978515625	0.006805419921875	-0.1300048828125
Nexus6x05	1030171827875442	0.0037841796875	0.006622314453125	-0.12982177734375
Nexus6x05	1030171832331009	0.0040130615234375	0.0064697265625	-0.129791259765625
Nexus6x05	1030171836786575	0.0042266845703125	0.006317138671875	-0.129791259765625
Nexus6x05	1030171841242141	0.0044097900390625	0.0061798095703125	-0.129791259765625
Nexus6x05	1030171845667190	0.0045928955078125	0.00604248046875	-0.129913330078125
Nexus6x05	1030171850122757	0.0049896240234375	0.0058746337890625	-0.1300506591796875
Nexus6x05	1030171854578323	0.005340576171875	0.0057220458984375	-0.13018798828125
Nexus6x05	1030171859033889	0.00567626953125	0.005584716796875	-0.1300811767578125
Nexus6x05	1030171863489456	0.0059967041015625	0.0054473876953125	-0.12994384765625
Nexus6x05	1030171867945022	0.00628662109375	0.0053253173828125	-0.129791259765625
Nexus6x05	1030171872400589	0.00616455078125	0.00531005859375	-0.129730224609375
Nexus6x05	1030171876856155	0.00604248046875	0.00531005859375	-0.12969970703125
Nexus6x05	1030171881311721	0.0059356689453125	0.00531005859375	-0.129669189453125
Nexus6x05	1030171885767288	0.0058441162109375	0.00531005859375	-0.1296539306640625
Nexus6x05	1030171890222854	0.0057373046875	0.00531005859375	-0.129669189453125
Nexus6x05	1030171894647903	0.0056610107421875	0.005279541015625	-0.1297149658203125
Nexus6x05	1030171899103469	0.005584716796875	0.0052642822265625	-0.1297454833984375
Nexus6x05	1030171903559036	0.0055084228515625	0.0052337646484375	-0.1297454833984375
Nexus6x05	1030171908014602	0.0054473876953125	0.005218505859375	-0.129730224609375
Nexus6x05	1030171912470169	0.0053863525390625	0.0052032470703125	-0.1297149658203125
Nexus6x05	1030171916925735	0.00537109375	0.005157470703125	-0.1297607421875
Nexus6x05	1030171921381302	0.00537109375	0.005126953125	-0.12982177734375
Nexus6x05	1030171925836868	0.0053558349609375	0.005096435546875	-0.1298980712890625
Nexus6x05	1030171930292434	0.005340576171875	0.00506591796875	-0.1298980712890625
Nexus6x05	1030171934748001	0.005340576171875	0.005035400390625	-0.1298828125
Nexus6x05	1030171939203567	0.00543212890625	0.0048065185546875	-0.1298828125
Nexus6x05	1030171943628616	0.005523681640625	0.0045928955078125	-0.1300048828125
Nexus6x05	1030171948084182	0.005615234375	0.00439453125	-0.1301422119140625
Nexus6x05	1030171952539749	0.005706787109375	0.00421142578125	-0.1302947998046875
Nexus6x05	1030171956995315	0.0057830810546875	0.0040283203125	-0.1304473876953125
Nexus6x05	1030171961450882	0.0057373046875	0.00408935546875	-0.130584716796875
Nexus6x05	1030171965906448	0.005706787109375	0.0041351318359375	-0.130706787109375
Nexus6x05	1030171970362014	0.00567626953125	0.004180908203125	-0.130828857421875
Nexus6x05	1030171974817581	0.005645751953125	0.00421142578125	-0.13079833984375
Nexus6x05	1030171979273147	0.005615234375	0.0042572021484375	-0.1307220458984375
Nexus6x05	1030171983728714	0.0053558349609375	0.0040283203125	-0.1306610107421875
Nexus6x05	1030171988184280	0.005126953125	0.003814697265625	-0.1307830810546875
Nexus6x05	1030171992609329	0.004913330078125	0.00360107421875	-0.1309356689453125
Nexus6x05	1030171997064895	0.00469970703125	0.00341796875	-0.131103515625
Nexus6x05	1030172001520462	0.0045166015625	0.0032501220703125	-0.1310272216796875
Nexus6x05	1030172005976028	0.0045013427734375	0.003387451171875	-0.130889892578125
Nexus6x05	1030172010431594	0.004486083984375	0.003509521484375	-0.1307525634765625
Nexus6x05	1030172014887161	0.0044708251953125	0.0036468505859375	-0.1306610107421875
Nexus6x05	1030172019342727	0.0044708251953125	0.003753662109375	-0.1305694580078125
Nexus6x05	1030172023798294	0.00445556640625	0.0038604736328125	-0.1304779052734375
Nexus6x05	1030172028253860	0.004180908203125	0.00390625	-0.130401611328125
Nexus6x05	1030172032709427	0.00390625	0.003936767578125	-0.130340576171875
Nexus6x05	1030172037164993	0.003662109375	0.0039825439453125	-0.1302947998046875
Nexus6x05	1030172041590042	0.0034332275390625	0.0040130615234375	-0.1302337646484375
Nexus6x05	1030172046045608	0.0032196044921875	0.0040435791015625	-0.130279541015625
Nexus6x05	1030172050501175	0.0036163330078125	0.0040283203125	-0.1303253173828125
Nexus6x05	1030172054956741	0.0039825439453125	0.0040130615234375	-0.13037109375
Nexus6x05	1030172059412307	0.00433349609375	0.0040130615234375	-0.130462646484375
Nexus6x05	1030172063867874	0.004669189453125	0.003997802734375	-0.1305694580078125
Nexus6x05	1030172068323440	0.004974365234375	0.0039825439453125	-0.13067626953125
Nexus6x05	1030172072779007	0.0050506591796875	0.003936767578125	-0.1308746337890625
Nexus6x05	1030172077234573	0.0051116943359375	0.0038909912109375	-0.131103515625
Nexus6x05	1030172081690139	0.0051727294921875	0.00384521484375	-0.131317138671875
Nexus6x05	1030172086145706	0.0052337646484375	0.0037994384765625	-0.1311798095703125
Nexus6x05	1030172090570755	0.0052947998046875	0.0037689208984375	-0.1309967041015625
Nexus6x05	1030172095026321	0.0052032470703125	0.0037078857421875	-0.13079833984375
Nexus6x05	1030172099481887	0.005096435546875	0.003662109375	-0.1305999755859375
Nexus6x05	1030172103937454	0.0050201416015625	0.0036163330078125	-0.1305084228515625
Nexus6x05	1030172108393020	0.00494384765625	0.003570556640625	-0.1304473876953125
Nexus6x05	1030172112848587	0.0048675537109375	0.0035247802734375	-0.130401611328125
Nexus6x05	1030172117304153	0.0051116943359375	0.0036468505859375	-0.130401611328125
Nexus6x05	1030172121759719	0.005340576171875	0.0037841796875	-0.1304168701171875
Nexus6x05	1030172126215286	0.00555419921875	0.0038909912109375	-0.1304473876953125
Nexus6x05	1030172130670852	0.0057525634765625	0.003997802734375	-0.1305084228515625
Nexus6x05	1030172135126419	0.0059356689453125	0.0041046142578125	-0.1305694580078125
Nexus6x05	1030172139551468	0.0059661865234375	0.004150390625	-0.130645751953125
Nexus6x05	1030172144007034	0.0059967041015625	0.004180908203125	-0.13067626953125
Nexus6x05	1030172148462600	0.0060272216796875	0.00421142578125	-0.13067626953125
Nexus6x05	1030172152918167	0.0060577392578125	0.0042572021484375	-0.1306915283203125
Nexus6x05	1030172157373733	0.0060882568359375	0.0042877197265625	-0.130615234375
Nexus6x05	1030172161829300	0.0061187744140625	0.004150390625	-0.130523681640625
Nexus6x05	1030172166284866	0.006134033203125	0.0040283203125	-0.1304473876953125
Nexus6x05	1030172170740432	0.00616455078125	0.0039215087890625	-0.1303558349609375
Nexus6x05	1030172175195999	0.006195068359375	0.003814697265625	-0.1303558349609375
Nexus6x05	1030172179651565	0.0062103271484375	0.0037078857421875	-0.13037109375
Nexus6x05	1030172184107132	0.0062713623046875	0.0038909912109375	-0.1303863525390625
Nexus6x05	1030172188532180	0.006317138671875	0.004058837890625	-0.1305084228515625
Nexus6x05	1030172192987747	0.0063629150390625	0.00421142578125	-0.130645751953125
Nexus6x05	1030172197443313	0.00640869140625	0.0043487548828125	-0.130767822265625
Nexus6x05	1030172201898880	0.0064544677734375	0.004486083984375	-0.1307525634765625
Nexus6x05	1030172206354446	0.006072998046875	0.0043792724609375	-0.130706787109375
Nexus6x05	1030172210810012	0.0057373046875	0.0042877197265625	-0.130645751953125
Nexus6x05	1030172215265579	0.005401611328125	0.0041961669921875	-0.130645751953125
Nexus6x05	1030172219721145	0.005096435546875	0.0041046142578125	-0.1306610107421875
Nexus6x05	1030172224176712	0.00482177734375	0.0040283203125	-0.13067626953125
Nexus6x05	1030172228632278	0.004638671875	0.004119873046875	-0.1305999755859375
Nexus6x05	1030172233087844	0.00445556640625	0.00421142578125	-0.1305084228515625
Nexus6x05	1030172237512893	0.004302978515625	0.004302978515625	-0.1304168701171875
Nexus6x05	1030172241968460	0.004150390625	0.0043792724609375	-0.130340576171875
Nexus6x05	1030172246424026	0.0040130615234375	0.00445556640625	-0.1300506591796875
Nexus6x05	1030172250879593	0.00433349609375	0.004425048828125	-0.129730224609375
Nexus6x05	1030172255335159	0.004638671875	0.0044097900390625	-0.12939453125
Nexus6x05	1030172259790725	0.0049285888671875	0.00439453125	-0.1292877197265625
Nexus6x05	1030172264246292	0.0052032470703125	0.004364013671875	-0.1292266845703125
Nexus6x05	1030172268701858	0.005462646484375	0.0043487548828125	-0.1291656494140625
Nexus6x05	1030172273157425	0.005706787109375	0.0043487548828125	-0.1291961669921875
Nexus6x05	1030172277612991	0.00592041015625	0.0043487548828125	-0.1292266845703125
Nexus6x05	1030172282038040	0.006134033203125	0.0043487548828125	-0.1292724609375
Nexus6x05	1030172286493606	0.0063323974609375	0.0043487548828125	-0.1292572021484375
Nexus6x05	1030172290949173	0.0065155029296875	0.0043487548828125	-0.1292266845703125
Nexus6x05	1030172295404739	0.0063934326171875	0.0041656494140625	-0.1291961669921875
Nexus6x05	1030172299860305	0.0062713623046875	0.003997802734375	-0.1292572021484375
Nexus6x05	1030172304315872	0.0061492919921875	0.00384521484375	-0.1293182373046875
Nexus6x05	1030172308771438	0.0060577392578125	0.003692626953125	-0.1293792724609375
Nexus6x05	1030172313227005	0.005950927734375	0.0035552978515625	-0.1294403076171875
Nexus6x05	1030172317682571	0.0057220458984375	0.0035400390625	-0.12939453125
Nexus6x05	1030172322138137	0.0055084228515625	0.0035247802734375	-0.12933349609375
Nexus6x05	1030172326593704	0.0052947998046875	0.003509521484375	-0.1292572021484375
Nexus6x05	1030172331018753	0.0051116943359375	0.0034942626953125	-0.1292877197265625
Nexus6x05	1030172335474319	0.0049285888671875	0.00347900390625	-0.1293487548828125
Nexus6x05	1030172339929886	0.0049896240234375	0.003509521484375	-0.1294097900390625
Nexus6x05	1030172344385452	0.005035400390625	0.0035400390625	-0.129425048828125
Nexus6x05	1030172348841018	0.0050811767578125	0.003570556640625	-0.1294403076171875
Nexus6x05	1030172353296585	0.005126953125	0.00360107421875	-0.12945556640625
Nexus6x05	1030172357752151	0.0051727294921875	0.003631591796875	-0.12939453125
Nexus6x05	1030172362207718	0.0053558349609375	0.0040130615234375	-0.1293182373046875
Nexus6x05	1030172366663284	0.0055389404296875	0.004364013671875	-0.1292572021484375
Nexus6x05	1030172371118850	0.005706787109375	0.0046844482421875	-0.1292724609375
Nexus6x05	1030172375574417	0.0058746337890625	0.0049896240234375	-0.1292877197265625
Nexus6x05	1030172379999466	0.0060272216796875	0.005279541015625	-0.12933349609375
Nexus6x05	1030172384455032	0.00634765625	0.0055694580078125	-0.129364013671875
Nexus6x05	1030172388910598	0.00665283203125	0.0058441162109375	-0.1294403076171875
Nexus6x05	1030172393366165	0.0069427490234375	0.006103515625	-0.1295318603515625
Nexus6x05	1030172397821731	0.0072174072265625	0.0063323974609375	-0.129608154296875
Nexus6x05	1030172402277298	0.0074615478515625	0.006561279296875	-0.1295623779296875
Nexus6x05	1030172406732864	0.0070953369140625	0.0063323974609375	-0.129486083984375
Nexus6x05	1030172411188430	0.0067596435546875	0.006103515625	-0.1294097900390625
Nexus6x05	1030172415643997	0.006439208984375	0.0059051513671875	-0.1294403076171875
Nexus6x05	1030172420099563	0.0061492919921875	0.005706787109375	-0.129486083984375
Nexus6x05	1030172424555130	0.0058746337890625	0.005523681640625	-0.1295318603515625
Nexus6x05	1030172428980178	0.0057830810546875	0.0054931640625	-0.1295013427734375
Nexus6x05	1030172433435745	0.005706787109375	0.005462646484375	-0.1294708251953125
Nexus6x05	1030172437891311	0.0056304931640625	0.00543212890625	-0.129425048828125
Nexus6x05	1030172442346878	0.0055694580078125	0.005401611328125	-0.129486083984375
Nexus6x05	1030172446802444	0.0055084228515625	0.0053863525390625	-0.129547119140625
Nexus6x05	1030172451258011	0.0054473876953125	0.0054779052734375	-0.129638671875
Nexus6x05	1030172455713577	0.005401611328125	0.00555419921875	-0.1297149658203125
Nexus6x05	1030172460169143	0.0053558349609375	0.0056304931640625	-0.1297454833984375
Nexus6x05	1030172464624710	0.0053253173828125	0.005706787109375	-0.1297607421875
Nexus6x05	1030172469080276	0.005279541015625	0.0057830810546875	-0.129791259765625
Nexus6x05	1030172473535843	0.0055999755859375	0.0056610107421875	-0.12982177734375
Nexus6x05	1030172477960891	0.005889892578125	0.0055389404296875	-0.1298675537109375
Nexus6x05	1030172482416458	0.00616455078125	0.0054168701171875	-0.129913330078125
Nexus6x05	1030172486872024	0.0064239501953125	0.00531005859375	-0.1299591064453125
Nexus6x05	1030172491327591	0.00665283203125	0.005218505859375	-0.130035400390625
Nexus6x05	1030172495783157	0.006622314453125	0.0048828125	-0.1300811767578125
Nexus6x05	1030172500238723	0.0065765380859375	0.0045623779296875	-0.130126953125
Nexus6x05	1030172504694290	0.0065460205078125	0.0042724609375	-0.130157470703125
Nexus6x05	1030172509149856	0.0065155029296875	0.003997802734375	-0.1301727294921875
Nexus6x05	1030172513605423	0.0064849853515625	0.0037384033203125	-0.1300811767578125
Nexus6x05	1030172518060989	0.0065765380859375	0.0036468505859375	-0.129974365234375
Nexus6x05	1030172522516555	0.00665283203125	0.003570556640625	-0.1298675537109375
Nexus6x05	1030172526941604	0.0067291259765625	0.0034942626953125	-0.1297454833984375
Nexus6x05	1030172531397171	0.0067901611328125	0.00341796875	-0.1296844482421875
Nexus6x05	1030172535852737	0.0068511962890625	0.00335693359375	-0.1296234130859375
Nexus6x05	1030172540308303	0.0068359375	0.003448486328125	-0.12957763671875
Nexus6x05	1030172544763870	0.006805419921875	0.0035552978515625	-0.129547119140625
Nexus6x05	1030172549219436	0.00677490234375	0.003631591796875	-0.1295166015625
Nexus6x05	1030172553675003	0.0067596435546875	0.00372314453125	-0.1295013427734375
Nexus6x05	1030172558130569	0.0067291259765625	0.0037994384765625	-0.1295928955078125
Nexus6x05	1030172562586136	0.0066070556640625	0.0037078857421875	-0.12969970703125
Nexus6x05	1030172567041702	0.0064697265625	0.0036163330078125	-0.12982177734375
Nexus6x05	1030172571497268	0.0063629150390625	0.0035247802734375	-0.1298370361328125
Nexus6x05	1030172575922317	0.0062408447265625	0.003448486328125	-0.1298065185546875
Nexus6x05	1030172580377884	0.0061492919921875	0.0033721923828125	-0.129791259765625
Nexus6x05	1030172584833450	0.00616455078125	0.0034637451171875	-0.1297149658203125
Nexus6x05	1030172589289016	0.0061798095703125	0.0035400390625	-0.129638671875
Nexus6x05	1030172593744583	0.006195068359375	0.0036163330078125	-0.1295623779296875
Nexus6x05	1030172598200149	0.0062103271484375	0.003692626953125	-0.129486083984375
Nexus6x05	1030172602655716	0.0062255859375	0.003753662109375	-0.12939453125
Nexus6x05	1030172607111282	0.006500244140625	0.0039520263671875	-0.1292877197265625
Nexus6x05	1030172611566848	0.006744384765625	0.0041351318359375	-0.1291961669921875
Nexus6x05	1030172616022415	0.006988525390625	0.004302978515625	-0.1291656494140625
Nexus6x05	1030172620477981	0.0072174072265625	0.00445556640625	-0.1291656494140625
Nexus6x05	1030172624903030	0.007415771484375	0.004608154296875	-0.1291656494140625
Nexus6x05	1030172629358596	0.0071258544921875	0.0043792724609375	-0.1291351318359375
Nexus6x05	1030172633814163	0.0068511962890625	0.0041656494140625	-0.129119873046875
Nexus6x05	1030172638269729	0.006591796875	0.00396728515625	-0.12908935546875
Nexus6x05	1030172642725296	0.00634765625	0.0037841796875	-0.1292724609375
Nexus6x05	1030172647180862	0.0061187744140625	0.0036163330078125	-0.1295013427734375
Nexus6x05	1030172651636428	0.0063934326171875	0.00360107421875	-0.129730224609375
Nexus6x05	1030172656091995	0.00665283203125	0.00360107421875	-0.1297607421875
Nexus6x05	1030172660547561	0.00689697265625	0.0035858154296875	-0.1297454833984375
Nexus6x05	1030172665003128	0.007110595703125	0.0035858154296875	-0.129730224609375
Nexus6x05	1030172669458694	0.00732421875	0.0035858154296875	-0.1297149658203125
Nexus6x05	1030172673883743	0.0070648193359375	0.0038604736328125	-0.129669189453125
Nexus6x05	1030172678339309	0.0068206787109375	0.004119873046875	-0.1296234130859375
Nexus6x05	1030172682794876	0.0066070556640625	0.004364013671875	-0.1295928955078125
Nexus6x05	1030172687250442	0.0063934326171875	0.00457763671875	-0.1295166015625
Nexus6x05	1030172691706009	0.006195068359375	0.004791259765625	-0.129425048828125
Nexus6x05	1030172696161575	0.0060272216796875	0.004608154296875	-0.1293487548828125
Nexus6x05	1030172700617141	0.005859375	0.0044403076171875	-0.1293792724609375
Nexus6x05	1030172705072708	0.0057220458984375	0.0042724609375	-0.129425048828125
Nexus6x05	1030172709528274	0.005584716796875	0.004119873046875	-0.129486083984375
Nexus6x05	1030172713983841	0.0054473876953125	0.0039825439453125	-0.1295013427734375
Nexus6x05	1030172718439407	0.005279541015625	0.003997802734375	-0.1295013427734375
Nexus6x05	1030172722864456	0.0051116943359375	0.0040130615234375	-0.1295166015625
Nexus6x05	1030172727320022	0.0049591064453125	0.0040130615234375	-0.1295013427734375
Nexus6x05	1030172731775589	0.00482177734375	0.0040283203125	-0.1295013427734375
Nexus6x05	1030172736231155	0.0046844482421875	0.0040435791015625	-0.129486083984375
Nexus6x05	1030172740686721	0.004730224609375	0.004119873046875	-0.129486083984375
Nexus6x05	1030172745142288	0.004791259765625	0.0041961669921875	-0.12945556640625
Nexus6x05	1030172749597854	0.0048370361328125	0.0042724609375	-0.129425048828125
Nexus6x05	1030172754053421	0.0048828125	0.00433349609375	-0.12939453125
Nexus6x05	1030172758508987	0.004913330078125	0.00439453125	-0.129364013671875
Nexus6x05	1030172762964553	0.004852294921875	0.0045166015625	-0.1293487548828125
Nexus6x05	1030172767420120	0.004791259765625	0.0046234130859375	-0.1293487548828125
Nexus6x05	1030172771845169	0.0047454833984375	0.004730224609375	-0.129241943359375
Nexus6x05	1030172776300735	0.00469970703125	0.00482177734375	-0.1291351318359375
Nexus6x05	1030172780756302	0.004638671875	0.004913330078125	-0.1290130615234375
Nexus6x05	1030172785211868	0.00506591796875	0.00482177734375	-0.129058837890625
Nexus6x05	1030172789667434	0.0054779052734375	0.004730224609375	-0.129150390625
Nexus6x05	1030172794123001	0.0058441162109375	0.0046539306640625	-0.1292266845703125
Nexus6x05	1030172798578567	0.0062103271484375	0.0045623779296875	-0.1292877197265625
Nexus6x05	1030172803034134	0.00653076171875	0.0045013427734375	-0.12933349609375
Nexus6x05	1030172807489700	0.006622314453125	0.004608154296875	-0.1293792724609375
Nexus6x05	1030172811945266	0.0066986083984375	0.00469970703125	-0.129425048828125
Nexus6x05	1030172816400833	0.0067596435546875	0.0048065185546875	-0.129486083984375
Nexus6x05	1030172820825882	0.0068359375	0.0048980712890625	-0.1295623779296875
Nexus6x05	1030172825281448	0.00689697265625	0.004974365234375	-0.129638671875
Nexus6x05	1030172829737014	0.0064849853515625	0.0048828125	-0.12957763671875
Nexus6x05	1030172834192581	0.0060882568359375	0.004791259765625	-0.1295013427734375
Nexus6x05	1030172838648147	0.0057220458984375	0.0047149658203125	-0.1294097900390625
Nexus6x05	1030172843103714	0.0053863525390625	0.004638671875	-0.129425048828125
Nexus6x05	1030172847559280	0.00506591796875	0.0045623779296875	-0.12945556640625
Nexus6x05	1030172852014846	0.005126953125	0.0049896240234375	-0.129486083984375
Nexus6x05	1030172856470413	0.00518798828125	0.0053863525390625	-0.129486083984375
Nexus6x05	1030172860925979	0.0052490234375	0.005767822265625	-0.129486083984375
Nexus6x05	1030172865381546	0.0052947998046875	0.0061187744140625	-0.129486083984375
Nexus6x05	1030172869806594	0.005340576171875	0.006439208984375	-0.1294403076171875
Nexus6x05	1030172874262161	0.005340576171875	0.0065155029296875	-0.1293792724609375
Nexus6x05	1030172878717727	0.005340576171875	0.0065765380859375	-0.1293182373046875
Nexus6x05	1030172883173294	0.005340576171875	0.0066375732421875	-0.1292724609375
Nexus6x05	1030172887628860	0.005340576171875	0.0066986083984375	-0.1293792724609375
Nexus6x05	1030172892084427	0.005340576171875	0.006744384765625	-0.1295318603515625
Nexus6x05	1030172896539993	0.0054779052734375	0.0067138671875	-0.129669189453125
Nexus6x05	1030172900995559	0.005615234375	0.006683349609375	-0.1297454833984375
Nexus6x05	1030172905451126	0.0057373046875	0.00665283203125	-0.1298065185546875
Nexus6x05	1030172909906692	0.0058441162109375	0.006622314453125	-0.129852294921875
Nexus6x05	1030172914362259	0.005950927734375	0.006591796875	-0.1298370361328125
Nexus6x05	1030172918787307	0.0062255859375	0.0064544677734375	-0.129791259765625
Nexus6x05	1030172923242874	0.0064849853515625	0.006317138671875	-0.1297454833984375
Nexus6x05	1030172927698440	0.0067138671875	0.0062103271484375	-0.1297149658203125
Nexus6x05	1030172932154007	0.0069427490234375	0.0060882568359375	-0.12969970703125
Nexus6x05	1030172936609573	0.0071563720703125	0.0059814453125	-0.1296844482421875
Nexus6x05	1030172941065139	0.0069122314453125	0.0060882568359375	-0.1298828125
Nexus6x05	1030172945520706	0.006683349609375	0.006195068359375	-0.130126953125
Nexus6x05	1030172949976272	0.0064697265625	0.00628662109375	-0.1303863525390625
Nexus6x05	1030172954431839	0.0062713623046875	0.0063629150390625	-0.130645751953125
Nexus6x05	1030172958887405	0.0060882568359375	0.0064544677734375	-0.130645751953125
Nexus6x05	1030172963342971	0.0061798095703125	0.00628662109375	-0.130584716796875
Nexus6x05	1030172967768020	0.006256103515625	0.006134033203125	-0.130523681640625
Nexus6x05	1030172972223587	0.00634765625	0.0059814453125	-0.1307220458984375
Nexus6x05	1030172976679153	0.0064239501953125	0.0058441162109375	-0.1309661865234375
Nexus6x05	1030172981134719	0.006500244140625	0.0057220458984375	-0.1312255859375
Nexus6x05	1030172985590286	0.00665283203125	0.0055694580078125	-0.1313629150390625
Nexus6x05	1030172990045852	0.0067901611328125	0.00543212890625	-0.1314849853515625
Nexus6x05	1030172994501419	0.006927490234375	0.0052947998046875	-0.131591796875
Nexus6x05	1030172998956985	0.007049560546875	0.0051727294921875	-0.131744384765625
Nexus6x05	1030173003412552	0.007171630859375	0.00506591796875	-0.1318817138671875
Nexus6x05	1030173007868118	0.007110595703125	0.00482177734375	-0.1320343017578125
Nexus6x05	1030173012323684	0.007049560546875	0.0045928955078125	-0.1320648193359375
Nexus6x05	1030173016748733	0.006988525390625	0.00439453125	-0.132049560546875
Nexus6x05	1030173021204300	0.0069427490234375	0.0041961669921875	-0.132049560546875
Nexus6x05	1030173025659866	0.00689697265625	0.0040130615234375	-0.1320343017578125
Nexus6x05	1030173030115432	0.006591796875	0.0041351318359375	-0.1319580078125
Nexus6x05	1030173034570999	0.006317138671875	0.0042572021484375	-0.1318817138671875
Nexus6x05	1030173039026565	0.006072998046875	0.004364013671875	-0.131805419921875
Nexus6x05	1030173043482132	0.005828857421875	0.0044708251953125	-0.1318511962890625
Nexus6x05	1030173047937698	0.0055999755859375	0.00457763671875	-0.13189697265625
Nexus6x05	1030173052393264	0.0055084228515625	0.0047149658203125	-0.1319580078125
Nexus6x05	1030173056848831	0.0054168701171875	0.0048370361328125	-0.132049560546875
Nexus6x05	1030173061304397	0.0053253173828125	0.0049591064453125	-0.13214111328125
Nexus6x05	1030173065729446	0.0052490234375	0.00506591796875	-0.132232666015625
Nexus6x05	1030173070185012	0.0051727294921875	0.0051727294921875	-0.1323089599609375
Nexus6x05	1030173074640579	0.005035400390625	0.005126953125	-0.1324005126953125
Nexus6x05	1030173079096145	0.0048980712890625	0.0050811767578125	-0.132476806640625
Nexus6x05	1030173083551712	0.004791259765625	0.005035400390625	-0.132598876953125
Nexus6x05	1030173088007278	0.004669189453125	0.0050048828125	-0.1327362060546875
Nexus6x05	1030173092462844	0.0045623779296875	0.004974365234375	-0.1328582763671875
Nexus6x05	1030173096918411	0.004364013671875	0.0050811767578125	-0.13299560546875
Nexus6x05	1030173101373977	0.004180908203125	0.00518798828125	-0.133056640625
Nexus6x05	1030173105829544	0.003997802734375	0.0052947998046875	-0.13311767578125
Nexus6x05	1030173110285110	0.0038299560546875	0.0053863525390625	-0.1331634521484375
Nexus6x05	1030173114710159	0.0036773681640625	0.0054779052734375	-0.13323974609375
Nexus6x05	1030173119165725	0.003662109375	0.0054168701171875	-0.1333160400390625
Nexus6x05	1030173123621292	0.0036468505859375	0.00537109375	-0.133392333984375
Nexus6x05	1030173128076858	0.0036468505859375	0.00531005859375	-0.133453369140625
Nexus6x05	1030173132532425	0.003631591796875	0.0052642822265625	-0.133514404296875
Nexus6x05	1030173136987991	0.0036163330078125	0.005218505859375	-0.133575439453125
Nexus6x05	1030173141443557	0.00372314453125	0.005126953125	-0.133514404296875
Nexus6x05	1030173145899124	0.0038299560546875	0.0050506591796875	-0.1334381103515625
Nexus6x05	1030173150354690	0.0039215087890625	0.004974365234375	-0.13336181640625
Nexus6x05	1030173154810257	0.0040130615234375	0.0048980712890625	-0.1331939697265625
Nexus6x05	1030173159265823	0.00408935546875	0.0048370361328125	-0.133026123046875
Nexus6x05	1030173163690872	0.00390625	0.0049896240234375	-0.1328582763671875
Nexus6x05	1030173168146438	0.0037078857421875	0.0051422119140625	-0.1326904296875
Nexus6x05	1030173172602005	0.0035400390625	0.0052947998046875	-0.132781982421875
Nexus6x05	1030173177057571	0.0033721923828125	0.0054168701171875	-0.1329193115234375
Nexus6x05	1030173181513137	0.00323486328125	0.0055389404296875	-0.1330718994140625
Nexus6x05	1030173185968704	0.00323486328125	0.0057525634765625	-0.1329345703125
Nexus6x05	1030173190424270	0.00323486328125	0.0059356689453125	-0.13275146484375
Nexus6x05	1030173194879837	0.00323486328125	0.006103515625	-0.1325531005859375
Nexus6x05	1030173199335403	0.0032501220703125	0.0062713623046875	-0.1324615478515625
Nexus6x05	1030173203790969	0.0032501220703125	0.0064239501953125	-0.1323699951171875
Nexus6x05	1030173208246536	0.0034027099609375	0.00616455078125	-0.132293701171875
Nexus6x05	1030173212671585	0.0035400390625	0.00592041015625	-0.1324462890625
Nexus6x05	1030173217127151	0.003662109375	0.0056915283203125	-0.1326446533203125
Nexus6x05	1030173221582718	0.0037841796875	0.005462646484375	-0.132843017578125
Nexus6x05	1030173226038284	0.00390625	0.0052642822265625	-0.1330108642578125
Nexus6x05	1030173230493850	0.0040435791015625	0.0052642822265625	-0.1331634521484375
Nexus6x05	1030173234949417	0.0041656494140625	0.0052490234375	-0.133331298828125
Nexus6x05	1030173239404983	0.0042724609375	0.0052490234375	-0.1334686279296875
Nexus6x05	1030173243860550	0.0043792724609375	0.0052490234375	-0.133575439453125
Nexus6x05	1030173248316116	0.004486083984375	0.0052337646484375	-0.1336669921875
Nexus6x05	1030173252771682	0.0041046142578125	0.0048828125	-0.133758544921875
Nexus6x05	1030173257227249	0.003753662109375	0.0045623779296875	-0.133880615234375
Nexus6x05	1030173261652298	0.00341796875	0.0042572021484375	-0.1339874267578125
Nexus6x05	1030173266107864	0.00311279296875	0.00396728515625	-0.1341094970703125
Nexus6x05	1030173270563430	0.0028228759765625	0.003692626953125	-0.13421630859375
Nexus6x05	1030173275018997	0.0030670166015625	0.0037384033203125	-0.134307861328125
Nexus6x05	1030173279474563	0.0032958984375	0.0037841796875	-0.1343994140625
Nexus6x05	1030173283930130	0.003509521484375	0.0038299560546875	-0.134368896484375
Nexus6x05	1030173288385696	0.0037078857421875	0.003875732421875	-0.134307861328125
Nexus6x05	1030173292841262	0.00390625	0.00390625	-0.1342315673828125
Nexus6x05	1030173297296829	0.0038604736328125	0.00390625	-0.134124755859375
Nexus6x05	1030173301752395	0.00384521484375	0.00390625	-0.1339874267578125
Nexus6x05	1030173306207962	0.003814697265625	0.00390625	-0.1338653564453125
Nexus6x05	1030173310633011	0.0037841796875	0.00390625	-0.1337432861328125
Nexus6x05	1030173315088577	0.003753662109375	0.0038909912109375	-0.133758544921875
Nexus6x05	1030173319544143	0.0038909912109375	0.004180908203125	-0.1338043212890625
Nexus6x05	1030173323999710	0.003997802734375	0.00445556640625	-0.1338653564453125
Nexus6x05	1030173328455276	0.004119873046875	0.00469970703125	-0.133880615234375
Nexus6x05	1030173332910843	0.00421142578125	0.00494384765625	-0.133880615234375
Nexus6x05	1030173337366409	0.0043182373046875	0.005157470703125	-0.1338958740234375
Nexus6x05	1030173341821975	0.004119873046875	0.0052642822265625	-0.13372802734375
Nexus6x05	1030173346277542	0.0039520263671875	0.00537109375	-0.133544921875
Nexus6x05	1030173350733108	0.0037841796875	0.005462646484375	-0.1333465576171875
Nexus6x05	1030173355188675	0.003631591796875	0.00555419921875	-0.1332855224609375
Nexus6x05	1030173359613723	0.0034942626953125	0.0056304931640625	-0.13323974609375
Nexus6x05	1030173364069290	0.00347900390625	0.005584716796875	-0.1331939697265625
Nexus6x05	1030173368524856	0.00347900390625	0.0055389404296875	-0.133148193359375
Nexus6x05	1030173372980423	0.0034637451171875	0.0055084228515625	-0.133087158203125
Nexus6x05	1030173377435989	0.003448486328125	0.005462646484375	-0.1330413818359375
Nexus6x05	1030173381891555	0.003448486328125	0.00543212890625	-0.1329803466796875
Nexus6x05	1030173386347122	0.0037994384765625	0.0054473876953125	-0.133056640625
Nexus6x05	1030173390802688	0.0041351318359375	0.005462646484375	-0.1331634521484375
Nexus6x05	1030173395258255	0.0044403076171875	0.0054931640625	-0.1332550048828125
Nexus6x05	1030173399713821	0.004730224609375	0.0055084228515625	-0.1332550048828125
Nexus6x05	1030173404169387	0.0050048828125	0.005523681640625	-0.13323974609375
Nexus6x05	1030173408594436	0.0049896240234375	0.005401611328125	-0.133209228515625
Nexus6x05	1030173413050003	0.004974365234375	0.0052947998046875	-0.1331329345703125
Nexus6x05	1030173417505569	0.004974365234375	0.00518798828125	-0.133026123046875
Nexus6x05	1030173421961136	0.0049591064453125	0.005096435546875	-0.1329345703125
Nexus6x05	1030173426416702	0.00494384765625	0.0050048828125	-0.132781982421875
Nexus6x05	1030173430872268	0.0048370361328125	0.0047454833984375	-0.13262939453125
Nexus6x05	1030173435327835	0.004730224609375	0.004486083984375	-0.1324615478515625
Nexus6x05	1030173439783401	0.004638671875	0.004241943359375	-0.1324005126953125
Nexus6x05	1030173444238968	0.004547119140625	0.0040283203125	-0.132354736328125
Nexus6x05	1030173448694534	0.00445556640625	0.003814697265625	-0.132293701171875
Nexus6x05	1030173453150100	0.004638671875	0.0037078857421875	-0.1322479248046875
Nexus6x05	1030173457575149	0.0048065185546875	0.00360107421875	-0.132293701171875
Nexus6x05	1030173462030716	0.0049591064453125	0.003509521484375	-0.132354736328125
Nexus6x05	1030173466486282	0.0051116943359375	0.00341796875	-0.132415771484375
Nexus6x05	1030173470941848	0.0052490234375	0.0033416748046875	-0.13238525390625
Nexus6x05	1030173475397415	0.005584716796875	0.0035552978515625	-0.1323394775390625
Nexus6x05	1030173479852981	0.0059051513671875	0.0037689208984375	-0.132293701171875
Nexus6x05	1030173484308548	0.006195068359375	0.00396728515625	-0.1322021484375
Nexus6x05	1030173488764114	0.0064697265625	0.0041351318359375	-0.132110595703125
Nexus6x05	1030173493219680	0.0067291259765625	0.0043182373046875	-0.13201904296875
Nexus6x05	1030173497675247	0.0068817138671875	0.004241943359375	-0.1318206787109375
Nexus6x05	1030173502130813	0.0070343017578125	0.0041656494140625	-0.131622314453125
Nexus6x05	1030173506555862	0.007171630859375	0.0041046142578125	-0.1314239501953125
Nexus6x05	1030173511011428	0.007293701171875	0.0040435791015625	-0.13128662109375
Nexus6x05	1030173515466995	0.007415771484375	0.003997802734375	-0.1311492919921875
Nexus6x05	1030173519922561	0.0072174072265625	0.0043792724609375	-0.13104248046875
Nexus6x05	1030173524378128	0.007049560546875	0.0047454833984375	-0.1309356689453125
Nexus6x05	1030173528833694	0.0068817138671875	0.0050811767578125	-0.130889892578125
Nexus6x05	1030173533289261	0.0067291259765625	0.005401611328125	-0.1308746337890625
Nexus6x05	1030173537744827	0.0065765380859375	0.0056915283203125	-0.1308441162109375
Nexus6x05	1030173542200393	0.006744384765625	0.0055694580078125	-0.1307373046875
Nexus6x05	1030173546655960	0.00689697265625	0.005462646484375	-0.1305999755859375
Nexus6x05	1030173551111526	0.0070343017578125	0.0053558349609375	-0.130462646484375
Nexus6x05	1030173555536575	0.007171630859375	0.0052490234375	-0.1304168701171875
Nexus6x05	1030173559992141	0.007293701171875	0.005157470703125	-0.1303863525390625
Nexus6x05	1030173564447708	0.0069427490234375	0.00543212890625	-0.13037109375
Nexus6x05	1030173568903274	0.0066070556640625	0.0056915283203125	-0.1304473876953125
Nexus6x05	1030173573358841	0.0063018798828125	0.00592041015625	-0.13055419921875
Nexus6x05	1030173577814407	0.006011962890625	0.0061492919921875	-0.1306610107421875
Nexus6x05	1030173582269973	0.0057373046875	0.0063629150390625	-0.1306610107421875
Nexus6x05	1030173586725540	0.005615234375	0.00604248046875	-0.130645751953125
Nexus6x05	1030173591181106	0.0055084228515625	0.0057525634765625	-0.1306304931640625
Nexus6x05	1030173595636673	0.005401611328125	0.0054931640625	-0.1305999755859375
Nexus6x05	1030173600092239	0.0052947998046875	0.0052337646484375	-0.130615234375
Nexus6x05	1030173604517288	0.0052032470703125	0.0049896240234375	-0.130645751953125
Nexus6x05	1030173608972854	0.0053863525390625	0.0050201416015625	-0.13067626953125
Nexus6x05	1030173613428421	0.00555419921875	0.0050506591796875	-0.1307830810546875
Nexus6x05	1030173617883987	0.005706787109375	0.0050811767578125	-0.1309051513671875
Nexus6x05	1030173622339553	0.005859375	0.0051116943359375	-0.1310272216796875
Nexus6x05	1030173626795120	0.0059967041015625	0.0051422119140625	-0.131072998046875
Nexus6x05	1030173631250686	0.005706787109375	0.0050506591796875	-0.131103515625
Nexus6x05	1030173635706253	0.0054473876953125	0.0049591064453125	-0.131134033203125
Nexus6x05	1030173640161819	0.00518798828125	0.0048828125	-0.131103515625
Nexus6x05	1030173644617386	0.00494384765625	0.0048065185546875	-0.131072998046875
Nexus6x05	1030173649072952	0.004730224609375	0.004730224609375	-0.1310272216796875
Nexus6x05	1030173653498001	0.0048675537109375	0.0049896240234375	-0.131103515625
Nexus6x05	1030173657953567	0.0050048828125	0.0052490234375	-0.1312103271484375
Nexus6x05	1030173662409134	0.005126953125	0.0054779052734375	-0.1313323974609375
Nexus6x05	1030173666864700	0.0052337646484375	0.005706787109375	-0.131439208984375
Nexus6x05	1030173671320266	0.005340576171875	0.0059051513671875	-0.1314544677734375
Nexus6x05	1030173675775833	0.0052490234375	0.0059051513671875	-0.131439208984375
Nexus6x05	1030173680231399	0.0051727294921875	0.0059051513671875	-0.1314239501953125
Nexus6x05	1030173684686966	0.0050811767578125	0.00592041015625	-0.1312713623046875
Nexus6x05	1030173689142532	0.0050048828125	0.00592041015625	-0.1310882568359375
Nexus6x05	1030173693598098	0.00494384765625	0.00592041015625	-0.1309051513671875
Nexus6x05	1030173698053665	0.00494384765625	0.006011962890625	-0.1309051513671875
Nexus6x05	1030173702478714	0.00494384765625	0.006103515625	-0.1309356689453125
Nexus6x05	1030173706934280	0.00494384765625	0.006195068359375	-0.1309814453125
Nexus6x05	1030173711389846	0.0049591064453125	0.0062713623046875	-0.1309814453125
Nexus6x05	1030173715845413	0.0049591064453125	0.00634765625	-0.1309814453125
Nexus6x05	1030173720300979	0.005279541015625	0.006439208984375	-0.1309814453125
Nexus6x05	1030173724756546	0.0055694580078125	0.0065155029296875	-0.130859375
Nexus6x05	1030173729212112	0.0058441162109375	0.0066070556640625	-0.1307373046875
Nexus6x05	1030173733667678	0.006103515625	0.006683349609375	-0.1305999755859375
Nexus6x05	1030173738123245	0.00634765625	0.006744384765625	-0.1304779052734375
Nexus6x05	1030173742578811	0.00634765625	0.0068359375	-0.1304473876953125
Nexus6x05	1030173747034378	0.00634765625	0.0069122314453125	-0.1304473876953125
Nexus6x05	1030173751459427	0.00634765625	0.006988525390625	-0.1304473876953125
Nexus6x05	1030173755914993	0.00634765625	0.007049560546875	-0.1304473876953125
Nexus6x05	1030173760370559	0.00634765625	0.0071258544921875	-0.1304473876953125
Nexus6x05	1030173764826126	0.006103515625	0.00701904296875	-0.1304473876953125
Nexus6x05	1030173769281692	0.0058746337890625	0.006927490234375	-0.1305694580078125
Nexus6x05	1030173773737259	0.0056610107421875	0.0068511962890625	-0.130706787109375
Nexus6x05	1030173778192825	0.005462646484375	0.0067596435546875	-0.1308441162109375
Nexus6x05	1030173782648391	0.0052642822265625	0.006683349609375	-0.130828857421875
Nexus6x05	1030173787103958	0.005035400390625	0.0066070556640625	-0.13079833984375
Nexus6x05	1030173791559524	0.00482177734375	0.0065155029296875	-0.1307525634765625
Nexus6x05	1030173796015091	0.0046234130859375	0.006439208984375	-0.130859375
Nexus6x05	1030173800440139	0.0044403076171875	0.006378173828125	-0.1309967041015625
Nexus6x05	1030173804895706	0.0042572021484375	0.0063018798828125	-0.131134033203125
Nexus6x05	1030173809351272	0.0042266845703125	0.0064849853515625	-0.1312713623046875
Nexus6x05	1030173813806839	0.004180908203125	0.0066680908203125	-0.1312255859375
Nexus6x05	1030173818262405	0.004150390625	0.0068206787109375	-0.1311492919921875
Nexus6x05	1030173822717971	0.004119873046875	0.0069732666015625	-0.131072998046875
Nexus6x05	1030173827173538	0.00408935546875	0.0071258544921875	-0.13104248046875
Nexus6x05	1030173831629104	0.0041656494140625	0.0070037841796875	-0.131011962890625
Nexus6x05	1030173836084671	0.0042266845703125	0.00689697265625	-0.1309814453125
Nexus6x05	1030173840540237	0.0042877197265625	0.0067901611328125	-0.130889892578125
Nexus6x05	1030173844995803	0.0043487548828125	0.0066986083984375	-0.130767822265625
Nexus6x05	1030173849420852	0.0044097900390625	0.0066070556640625	-0.1306610107421875
Nexus6x05	1030173853876419	0.0044403076171875	0.0063323974609375	-0.130645751953125
Nexus6x05	1030173858331985	0.0044708251953125	0.0060882568359375	-0.130645751953125
Nexus6x05	1030173862787552	0.0045013427734375	0.005859375	-0.130645751953125
Nexus6x05	1030173867243118	0.0045166015625	0.005645751953125	-0.1305999755859375
Nexus6x05	1030173871698684	0.004547119140625	0.00543212890625	-0.1305389404296875
Nexus6x05	1030173876154251	0.0045318603515625	0.0053863525390625	-0.1304931640625
Nexus6x05	1030173880609817	0.0045318603515625	0.005340576171875	-0.13043212890625
Nexus6x05	1030173885065384	0.0045166015625	0.0052947998046875	-0.130584716796875
Nexus6x05	1030173889520950	0.0045166015625	0.0052490234375	-0.1307830810546875
Nexus6x05	1030173893945999	0.0045013427734375	0.0052032470703125	-0.1309814453125
Nexus6x05	1030173898401565	0.0042877197265625	0.005462646484375	-0.131103515625
Nexus6x05	1030173902857132	0.0040740966796875	0.005706787109375	-0.131195068359375
Nexus6x05	1030173907312698	0.003875732421875	0.0059356689453125	-0.1313018798828125
Nexus6x05	1030173911768264	0.0036773681640625	0.0061492919921875	-0.1312255859375
Nexus6x05	1030173916223831	0.003509521484375	0.0063323974609375	-0.1311187744140625
Nexus6x05	1030173920679397	0.003692626953125	0.006561279296875	-0.131011962890625
Nexus6x05	1030173925134964	0.0038604736328125	0.0067596435546875	-0.130828857421875
Nexus6x05	1030173929590530	0.0040130615234375	0.0069580078125	-0.1306304931640625
Nexus6x05	1030173934046096	0.0041656494140625	0.00714111328125	-0.13043212890625
Nexus6x05	1030173938501663	0.004302978515625	0.0073089599609375	-0.130462646484375
Nexus6x05	1030173942926712	0.0044708251953125	0.00701904296875	-0.130523681640625
Nexus6x05	1030173947382278	0.0046234130859375	0.0067596435546875	-0.130615234375
Nexus6x05	1030173951837844	0.0047607421875	0.0065155029296875	-0.13067626953125
Nexus6x05	1030173956293411	0.0048980712890625	0.00628662109375	-0.1309051513671875
Nexus6x05	1030173960748977	0.0050201416015625	0.0060577392578125	-0.1311492919921875
Nexus6x05	1030173965204544	0.005157470703125	0.005859375	-0.1313934326171875
Nexus6x05	1030173969660110	0.005279541015625	0.0056610107421875	-0.131561279296875
Nexus6x05	1030173974115677	0.005401611328125	0.0054779052734375	-0.1317291259765625
Nexus6x05	1030173978571243	0.0055084228515625	0.00531005859375	-0.1318817138671875
Nexus6x05	1030173983026809	0.0055999755859375	0.005157470703125	-0.1319122314453125
Nexus6x05	1030173987482376	0.0059356689453125	0.00494384765625	-0.1319122314453125
Nexus6x05	1030173991907425	0.0062408447265625	0.0047454833984375	-0.13189697265625
Nexus6x05	1030173996362991	0.00653076171875	0.0045623779296875	-0.1319580078125
Nexus6x05	1030174000818557	0.006805419921875	0.00439453125	-0.1320343017578125
Nexus6x05	1030174005274124	0.007049560546875	0.0042266845703125	-0.132110595703125
Nexus6x05	1030174009729690	0.0069427490234375	0.004364013671875	-0.13214111328125
Nexus6x05	1030174014185257	0.0068206787109375	0.004486083984375	-0.1321563720703125
Nexus6x05	1030174018640823	0.0067291259765625	0.0045928955078125	-0.132171630859375
Nexus6x05	1030174023096389	0.006622314453125	0.0047149658203125	-0.1321868896484375
Nexus6x05	1030174027551956	0.00653076171875	0.0048065185546875	-0.1322479248046875
Nexus6x05	1030174032007522	0.006500244140625	0.0043487548828125	-0.132293701171875
Nexus6x05	1030174036463089	0.0064697265625	0.00390625	-0.1323394775390625
Nexus6x05	1030174040888137	0.0064239501953125	0.003509521484375	-0.1321563720703125
Nexus6x05	1030174045343704	0.0063934326171875	0.0031280517578125	-0.131927490234375
Nexus6x05	1030174049799270	0.0063629150390625	0.0027618408203125	-0.131683349609375
Nexus6x05	1030174054254837	0.0064544677734375	0.0028228759765625	-0.1314849853515625
Nexus6x05	1030174058710403	0.00653076171875	0.00286865234375	-0.131317138671875
Nexus6x05	1030174063165969	0.006591796875	0.0029144287109375	-0.131134033203125
Nexus6x05	1030174067621536	0.0066680908203125	0.0029449462890625	-0.131072998046875
Nexus6x05	1030174072077102	0.0067291259765625	0.00299072265625	-0.13104248046875
Nexus6x05	1030174076532669	0.006591796875	0.0032196044921875	-0.131011962890625
Nexus6x05	1030174080988235	0.0064697265625	0.0034332275390625	-0.13092041015625
Nexus6x05	1030174085443802	0.00634765625	0.003631591796875	-0.13079833984375
Nexus6x05	1030174089868850	0.0062408447265625	0.003814697265625	-0.1306915283203125
Nexus6x05	1030174094324417	0.0061492919921875	0.003997802734375	-0.130584716796875
Nexus6x05	1030174098779983	0.0061798095703125	0.0041351318359375	-0.130615234375
Nexus6x05	1030174103235550	0.006195068359375	0.0042572021484375	-0.13067626953125
Nexus6x05	1030174107691116	0.0062255859375	0.0043792724609375	-0.1307525634765625
Nexus6x05	1030174112146682	0.006256103515625	0.004486083984375	-0.130767822265625
Nexus6x05	1030174116602249	0.0062713623046875	0.0045928955078125	-0.1307830810546875
Nexus6x05	1030174121057815	0.0063323974609375	0.004730224609375	-0.13079833984375
Nexus6x05	1030174125513382	0.006378173828125	0.004852294921875	-0.130828857421875
Nexus6x05	1030174129968948	0.0064239501953125	0.004974365234375	-0.130859375
Nexus6x05	1030174134424514	0.0064697265625	0.005096435546875	-0.1308746337890625
Nexus6x05	1030174138849563	0.0065155029296875	0.0052032470703125	-0.130889892578125
Nexus6x05	1030174143305130	0.0063018798828125	0.005035400390625	-0.1308746337890625
Nexus6x05	1030174147760696	0.0060882568359375	0.0048675537109375	-0.1308746337890625
Nexus6x05	1030174152216262	0.005889892578125	0.0047149658203125	-0.130767822265625
Nexus6x05	1030174156671829	0.005706787109375	0.00457763671875	-0.1306304931640625
Nexus6x05	1030174161127395	0.0055389404296875	0.00445556640625	-0.1304931640625
Nexus6x05	1030174165582962	0.0056304931640625	0.0045166015625	-0.1303558349609375
Nexus6x05	1030174170038528	0.005706787109375	0.0045623779296875	-0.13031005859375
Nexus6x05	1030174174494094	0.00579833984375	0.004608154296875	-0.1302947998046875
Nexus6x05	1030174178949661	0.005859375	0.0046539306640625	-0.130279541015625
Nexus6x05	1030174183405227	0.0059356689453125	0.00469970703125	-0.130218505859375
Nexus6x05	1030174187830276	0.0060272216796875	0.00469970703125	-0.130157470703125
Nexus6x05	1030174192285843	0.006103515625	0.0046844482421875	-0.130096435546875
Nexus6x05	1030174196741409	0.0061798095703125	0.0046844482421875	-0.130096435546875
Nexus6x05	1030174201196975	0.006256103515625	0.004669189453125	-0.130096435546875
Nexus6x05	1030174205652542	0.0063323974609375	0.004669189453125	-0.1301116943359375
Nexus6x05	1030174210108108	0.0065155029296875	0.0048828125	-0.1300201416015625
Nexus6x05	1030174214563675	0.0067138671875	0.0050811767578125	-0.129913330078125
Nexus6x05	1030174219019241	0.0068817138671875	0.005279541015625	-0.1298065185546875
Nexus6x05	1030174223474807	0.0070343017578125	0.005462646484375	-0.1298370361328125
Nexus6x05	1030174227930374	0.0071868896484375	0.0056304931640625	-0.1298980712890625
Nexus6x05	1030174232385940	0.0070953369140625	0.0056915283203125	-0.129974365234375
Nexus6x05	1030174236810989	0.0070037841796875	0.0057525634765625	-0.1300506591796875
Nexus6x05	1030174241266555	0.0069122314453125	0.0058135986328125	-0.130035400390625
Nexus6x05	1030174245722122	0.0068359375	0.0058746337890625	-0.1300048828125
Nexus6x05	1030174250177688	0.0067596435546875	0.00592041015625	-0.129974365234375
Nexus6x05	1030174254633255	0.006561279296875	0.0058135986328125	-0.1300811767578125
Nexus6x05	1030174259088821	0.0063934326171875	0.005706787109375	-0.1302032470703125
Nexus6x05	1030174263544387	0.0062255859375	0.0055999755859375	-0.130340576171875
Nexus6x05	1030174267999954	0.0060577392578125	0.0055084228515625	-0.13037109375
Nexus6x05	1030174272455520	0.0059051513671875	0.0054168701171875	-0.130401611328125
Nexus6x05	1030174276911087	0.0058746337890625	0.0052337646484375	-0.130401611328125
Nexus6x05	1030174281366653	0.0058441162109375	0.0050506591796875	-0.1302642822265625
Nexus6x05	1030174285791702	0.00579833984375	0.0048828125	-0.13006591796875
Nexus6x05	1030174290247268	0.005767822265625	0.0047149658203125	-0.1298828125
Nexus6x05	1030174294702835	0.0057373046875	0.0045623779296875	-0.1299285888671875
Nexus6x05	1030174299158401	0.0056915283203125	0.0048675537109375	-0.1300201416015625
Nexus6x05	1030174303613968	0.005645751953125	0.005157470703125	-0.1301116943359375
Nexus6x05	1030174308069534	0.0055999755859375	0.0054168701171875	-0.130218505859375
Nexus6x05	1030174312525100	0.00555419921875	0.0056610107421875	-0.1302642822265625
Nexus6x05	1030174316980667	0.0055084228515625	0.0059051513671875	-0.1302947998046875
Nexus6x05	1030174321436233	0.00537109375	0.005645751953125	-0.1303253173828125
Nexus6x05	1030174325891800	0.0052337646484375	0.005401611328125	-0.130401611328125
Nexus6x05	1030174330347366	0.0051116943359375	0.0051727294921875	-0.1304931640625
Nexus6x05	1030174334772415	0.0050048828125	0.004974365234375	-0.130584716796875
Nexus6x05	1030174339227981	0.0048980712890625	0.0047760009765625	-0.130462646484375
Nexus6x05	1030174343683548	0.00482177734375	0.0048065185546875	-0.13031005859375
Nexus6x05	1030174348139114	0.0047607421875	0.0048370361328125	-0.1301422119140625
Nexus6x05	1030174352594680	0.00469970703125	0.0048675537109375	-0.13018798828125
Nexus6x05	1030174357050247	0.0046539306640625	0.0048980712890625	-0.130279541015625
Nexus6x05	1030174361505813	0.0045928955078125	0.004913330078125	-0.13037109375
Nexus6x05	1030174365961380	0.004302978515625	0.0047760009765625	-0.13043212890625
Nexus6x05	1030174370416946	0.0040130615234375	0.004638671875	-0.1304931640625
Nexus6x05	1030174374872512	0.003753662109375	0.0045166015625	-0.1305694580078125
Nexus6x05	1030174379328079	0.003509521484375	0.0044097900390625	-0.130615234375
Nexus6x05	1030174383753128	0.0032806396484375	0.0042877197265625	-0.130645751953125
Nexus6x05	1030174388208694	0.00347900390625	0.0044403076171875	-0.1306610107421875
Nexus6x05	1030174392664261	0.003662109375	0.00457763671875	-0.1306610107421875
Nexus6x05	1030174397119827	0.0038299560546875	0.00469970703125	-0.1307220458984375
Nexus6x05	1030174401575393	0.003997802734375	0.00482177734375	-0.1307830810546875
Nexus6x05	1030174406030960	0.004150390625	0.0049285888671875	-0.1308441162109375
Nexus6x05	1030174410486526	0.004119873046875	0.005126953125	-0.130645751953125
Nexus6x05	1030174414942093	0.00408935546875	0.00531005859375	-0.130401611328125
Nexus6x05	1030174419397659	0.0040740966796875	0.0054779052734375	-0.130157470703125
Nexus6x05	1030174423853225	0.0040435791015625	0.005645751953125	-0.1300506591796875
Nexus6x05	1030174428308792	0.0040283203125	0.00579833984375	-0.1299591064453125
Nexus6x05	1030174432733841	0.0045166015625	0.005645751953125	-0.1298828125
Nexus6x05	1030174437189407	0.004974365234375	0.0055084228515625	-0.1298065185546875
Nexus6x05	1030174441644973	0.0054168701171875	0.00537109375	-0.129730224609375
Nexus6x05	1030174446100540	0.0058135986328125	0.0052642822265625	-0.129669189453125
Nexus6x05	1030174450556106	0.006195068359375	0.0051422119140625	-0.1295928955078125
Nexus6x05	1030174455011673	0.0062408447265625	0.005126953125	-0.1295013427734375
Nexus6x05	1030174459467239	0.0062713623046875	0.0051116943359375	-0.1294097900390625
Nexus6x05	1030174463922805	0.006317138671875	0.005096435546875	-0.129302978515625
Nexus6x05	1030174468378372	0.00634765625	0.0050811767578125	-0.12945556640625
Nexus6x05	1030174472833938	0.006378173828125	0.00506591796875	-0.129638671875
Nexus6x05	1030174477289505	0.00653076171875	0.005218505859375	-0.1298370361328125
Nexus6x05	1030174481714553	0.006683349609375	0.00537109375	-0.1298980712890625
Nexus6x05	1030174486170120	0.006805419921875	0.0055084228515625	-0.12994384765625
Nexus6x05	1030174490625686	0.006927490234375	0.005645751953125	-0.129974365234375
Nexus6x05	1030174495081253	0.007049560546875	0.005767822265625	-0.1298980712890625
Nexus6x05	1030174499536819	0.0068359375	0.0054931640625	-0.1298065185546875
Nexus6x05	1030174503992386	0.0066375732421875	0.005218505859375	-0.12969970703125
Nexus6x05	1030174508447952	0.0064544677734375	0.004974365234375	-0.1297607421875
Nexus6x05	1030174512903518	0.0062713623046875	0.0047454833984375	-0.129852294921875
Nexus6x05	1030174517359085	0.0061187744140625	0.0045318603515625	-0.1299591064453125
Nexus6x05	1030174521814651	0.0061187744140625	0.0045318603515625	-0.1300506591796875
Nexus6x05	1030174526270218	0.006134033203125	0.0045318603515625	-0.130126953125
Nexus6x05	1030174530695266	0.006134033203125	0.0045318603515625	-0.13018798828125
Nexus6x05	1030174535150833	0.006134033203125	0.0045318603515625	-0.1302642822265625
Nexus6x05	1030174539606399	0.006134033203125	0.0045318603515625	-0.130218505859375
Nexus6x05	1030174544061966	0.0060272216796875	0.00469970703125	-0.130157470703125
Nexus6x05	1030174548517532	0.0059051513671875	0.004852294921875	-0.130096435546875
Nexus6x05	1030174552973098	0.0058135986328125	0.0050048828125	-0.1302032470703125
Nexus6x05	1030174557428665	0.005706787109375	0.0051422119140625	-0.130340576171875
Nexus6x05	1030174561884231	0.0056304931640625	0.0052642822265625	-0.1304931640625
Nexus6x05	1030174566339798	0.0055389404296875	0.005096435546875	-0.1304931640625
Nexus6x05	1030174570795364	0.0054779052734375	0.00494384765625	-0.130462646484375
Nexus6x05	1030174575250930	0.005401611328125	0.0048065185546875	-0.13043212890625
Nexus6x05	1030174579675979	0.005340576171875	0.004669189453125	-0.1303253173828125
Nexus6x05	1030174584131546	0.005279541015625	0.004547119140625	-0.1302032470703125
Nexus6x05	1030174588587112	0.005157470703125	0.004364013671875	-0.1300811767578125
Nexus6x05	1030174593042678	0.0050506591796875	0.004180908203125	-0.12994384765625
Nexus6x05	1030174597498245	0.00494384765625	0.0040130615234375	-0.1298065185546875
Nexus6x05	1030174601953811	0.004852294921875	0.0038604736328125	-0.129669189453125
Nexus6x05	1030174606409378	0.0047607421875	0.0037078857421875	-0.1295318603515625
Nexus6x05	1030174610864944	0.0047454833984375	0.0039520263671875	-0.1294097900390625
Nexus6x05	1030174615320511	0.004730224609375	0.0041656494140625	-0.1292877197265625
Nexus6x05	1030174619776077	0.004730224609375	0.004364013671875	-0.1291656494140625
Nexus6x05	1030174624231643	0.0047149658203125	0.0045623779296875	-0.1291961669921875
Nexus6x05	1030174628656692	0.00469970703125	0.0047454833984375	-0.129241943359375
Nexus6x05	1030174633112259	0.0048675537109375	0.004669189453125	-0.129302978515625
Nexus6x05	1030174637567825	0.0050048828125	0.0045928955078125	-0.129364013671875
Nexus6x05	1030174642023391	0.0051422119140625	0.0045318603515625	-0.1294403076171875
Nexus6x05	1030174646478958	0.005279541015625	0.0044708251953125	-0.1295013427734375
Nexus6x05	1030174650934524	0.0053863525390625	0.0044097900390625	-0.1296234130859375
Nexus6x05	1030174655390091	0.005615234375	0.0045623779296875	-0.1297607421875
Nexus6x05	1030174659845657	0.0058135986328125	0.00469970703125	-0.1298980712890625
Nexus6x05	1030174664301223	0.0059967041015625	0.00482177734375	-0.1300201416015625
Nexus6x05	1030174668756790	0.0061798095703125	0.00494384765625	-0.13006591796875
Nexus6x05	1030174673212356	0.00634765625	0.00506591796875	-0.1300811767578125
Nexus6x05	1030174677637405	0.00616455078125	0.0051422119140625	-0.1301116943359375
Nexus6x05	1030174682092971	0.0059814453125	0.0052032470703125	-0.1300201416015625
Nexus6x05	1030174686548538	0.005828857421875	0.005279541015625	-0.129913330078125
Nexus6x05	1030174691004104	0.00567626953125	0.005340576171875	-0.129791259765625
Nexus6x05	1030174695459671	0.005523681640625	0.005401611328125	-0.1298980712890625
Nexus6x05	1030174699915237	0.00537109375	0.0056304931640625	-0.13006591796875
Nexus6x05	1030174704370803	0.0052337646484375	0.0058441162109375	-0.130218505859375
Nexus6x05	1030174708826370	0.005096435546875	0.0060577392578125	-0.130157470703125
Nexus6x05	1030174713281936	0.004974365234375	0.0062408447265625	-0.13006591796875
Nexus6x05	1030174717737503	0.004852294921875	0.0064239501953125	-0.1299591064453125
Nexus6x05	1030174722193069	0.005126953125	0.0062713623046875	-0.1299896240234375
Nexus6x05	1030174726618118	0.00537109375	0.006134033203125	-0.1300201416015625
Nexus6x05	1030174731073684	0.0055999755859375	0.0059967041015625	-0.13006591796875
Nexus6x05	1030174735529251	0.0058135986328125	0.005889892578125	-0.1301116943359375
Nexus6x05	1030174739984817	0.006011962890625	0.005767822265625	-0.13018798828125
Nexus6x05	1030174744440384	0.006134033203125	0.0059051513671875	-0.1302642822265625
Nexus6x05	1030174748895950	0.006256103515625	0.00604248046875	-0.1303558349609375
Nexus6x05	1030174753351516	0.0063629150390625	0.00616455078125	-0.1305084228515625
Nexus6x05	1030174757807083	0.0064544677734375	0.00628662109375	-0.1306915283203125
Nexus6x05	1030174762262649	0.006561279296875	0.0063934326171875	-0.1308746337890625
Nexus6x05	1030174766718216	0.006744384765625	0.006195068359375	-0.131011962890625
Nexus6x05	1030174771173782	0.006927490234375	0.0060272216796875	-0.1311492919921875
Nexus6x05	1030174775598831	0.0070953369140625	0.005859375	-0.131256103515625
Nexus6x05	1030174780054397	0.0072479248046875	0.005706787109375	-0.1313934326171875
Nexus6x05	1030174784509964	0.0074005126953125	0.0055694580078125	-0.13153076171875
Nexus6x05	1030174788965530	0.0073699951171875	0.0055084228515625	-0.1316680908203125
Nexus6x05	1030174793421096	0.0073394775390625	0.0054473876953125	-0.131683349609375
Nexus6x05	1030174797876663	0.0073089599609375	0.005401611328125	-0.1316680908203125
Nexus6x05	1030174802332229	0.007293701171875	0.0053558349609375	-0.13165283203125
Nexus6x05	1030174806787796	0.00726318359375	0.00531005859375	-0.1316375732421875
Nexus6x05	1030174811243362	0.00732421875	0.004913330078125	-0.1315155029296875
Nexus6x05	1030174815698928	0.00738525390625	0.004547119140625	-0.131378173828125
Nexus6x05	1030174820154495	0.0074462890625	0.0041961669921875	-0.1312255859375
Nexus6x05	1030174824579544	0.00750732421875	0.003875732421875	-0.1309967041015625
Nexus6x05	1030174829035110	0.0075531005859375	0.003570556640625	-0.130767822265625
Nexus6x05	1030174833490677	0.0073089599609375	0.0035247802734375	-0.130523681640625
Nexus6x05	1030174837946243	0.007080078125	0.0034942626953125	-0.130340576171875
Nexus6x05	1030174842401809	0.006866455078125	0.003448486328125	-0.1301727294921875
Nexus6x05	1030174846857376	0.0066680908203125	0.00341796875	-0.1300201416015625
Nexus6x05	1030174851312942	0.0064697265625	0.003387451171875	-0.1298980712890625
Nexus6x05	1030174855768509	0.0063018798828125	0.0034942626953125	-0.1297760009765625
Nexus6x05	1030174860224075	0.006134033203125	0.0036163330078125	-0.129669189453125
Nexus6x05	1030174864679641	0.0059814453125	0.00372314453125	-0.1296234130859375
Nexus6x05	1030174869135208	0.0058441162109375	0.003814697265625	-0.1295928955078125
Nexus6x05	1030174873560257	0.0057220458984375	0.00390625	-0.12957763671875
Nexus6x05	1030174878015823	0.005950927734375	0.0039825439453125	-0.129547119140625
Nexus6x05	1030174882471389	0.0061798095703125	0.0040435791015625	-0.129608154296875
Nexus6x05	1030174886926956	0.0063934326171875	0.0041046142578125	-0.129669189453125
Nexus6x05	1030174891382522	0.006591796875	0.004150390625	-0.1297454833984375
Nexus6x05	1030174895838089	0.0067901611328125	0.00421142578125	-0.12982177734375
Nexus6x05	1030174900293655	0.006561279296875	0.0045318603515625	-0.1298980712890625
Nexus6x05	1030174904749221	0.0063629150390625	0.0048370361328125	-0.1299896240234375
Nexus6x05	1030174909204788	0.00616455078125	0.005126953125	-0.1299285888671875
Nexus6x05	1030174913660354	0.0059814453125	0.005401611328125	-0.12982177734375
Nexus6x05	1030174918115921	0.0058135986328125	0.0056610107421875	-0.1297149658203125
Nexus6x05	1030174922540969	0.0058135986328125	0.00579833984375	-0.129638671875
Nexus6x05	1030174926996536	0.0058135986328125	0.005950927734375	-0.129547119140625
Nexus6x05	1030174931452102	0.005828857421875	0.006072998046875	-0.1294708251953125
Nexus6x05	1030174935907669	0.005828857421875	0.006195068359375	-0.129486083984375
Nexus6x05	1030174940363235	0.005828857421875	0.0063018798828125	-0.1295166015625
Nexus6x05	1030174944818802	0.005828857421875	0.0063629150390625	-0.129547119140625
Nexus6x05	1030174949274368	0.005828857421875	0.0064239501953125	-0.12957763671875
Nexus6x05	1030174953729934	0.005828857421875	0.0064849853515625	-0.129486083984375
Nexus6x05	1030174958185501	0.005828857421875	0.00653076171875	-0.129364013671875
Nexus6x05	1030174962641067	0.005828857421875	0.0065765380859375	-0.129241943359375
Nexus6x05	1030174967096634	0.005859375	0.0066375732421875	-0.129241943359375
Nexus6x05	1030174971521682	0.0058746337890625	0.0066986083984375	-0.1292724609375
Nexus6x05	1030174975977249	0.005889892578125	0.006744384765625	-0.129302978515625
Nexus6x05	1030174980432815	0.00592041015625	0.0067901611328125	-0.129302978515625
Nexus6x05	1030174984888382	0.0059356689453125	0.0068359375	-0.1292877197265625
Nexus6x05	1030174989343948	0.005950927734375	0.006500244140625	-0.1292724609375
Nexus6x05	1030174993799514	0.0059661865234375	0.006195068359375	-0.1292724609375
Nexus6x05	1030174998255081	0.0059967041015625	0.0059051513671875	-0.1292877197265625
Nexus6x05	1030175002710647	0.006011962890625	0.0056304931640625	-0.1292877197265625
Nexus6x05	1030175007166214	0.0060272216796875	0.00537109375	-0.1292724609375
Nexus6x05	1030175011621780	0.006103515625	0.0054931640625	-0.1292572021484375
Nexus6x05	1030175016077346	0.0061798095703125	0.005615234375	-0.1292266845703125
Nexus6x05	1030175020502395	0.0062408447265625	0.0057220458984375	-0.12921142578125
Nexus6x05	1030175024957962	0.0063018798828125	0.0058135986328125	-0.129180908203125
Nexus6x05	1030175029413528	0.0063629150390625	0.00592041015625	-0.1291656494140625
Nexus6x05	1030175033869094	0.0063018798828125	0.005828857421875	-0.1291351318359375
Nexus6x05	1030175038324661	0.0062408447265625	0.0057525634765625	-0.1292266845703125
Nexus6x05	1030175042780227	0.006195068359375	0.00567626953125	-0.12933349609375
Nexus6x05	1030175047235794	0.0061492919921875	0.0055999755859375	-0.1294403076171875
Nexus6x05	1030175051691360	0.0060882568359375	0.005523681640625	-0.129608154296875
Nexus6x05	1030175056146927	0.0062255859375	0.0054779052734375	-0.1298065185546875
Nexus6x05	1030175060602493	0.0063323974609375	0.0054168701171875	-0.1299896240234375
Nexus6x05	1030175065058059	0.0064544677734375	0.00537109375	-0.1300048828125
Nexus6x05	1030175069483108	0.0065460205078125	0.005340576171875	-0.129974365234375
Nexus6x05	1030175073938675	0.0066375732421875	0.0052947998046875	-0.12994384765625
Nexus6x05	1030175078394241	0.0066375732421875	0.0057220458984375	-0.1300201416015625
Nexus6x05	1030175082849807	0.006622314453125	0.0061187744140625	-0.1301116943359375
Nexus6x05	1030175087305374	0.0066070556640625	0.0064849853515625	-0.1302032470703125
Nexus6x05	1030175091760940	0.006591796875	0.0068359375	-0.13031005859375
Nexus6x05	1030175096216507	0.0065765380859375	0.0071563720703125	-0.1303558349609375
Nexus6x05	1030175100672073	0.006195068359375	0.00701904296875	-0.130401611328125
Nexus6x05	1030175105127639	0.0058441162109375	0.0068817138671875	-0.1304473876953125
Nexus6x05	1030175109583206	0.0055084228515625	0.0067596435546875	-0.130523681640625
Nexus6x05	1030175114038772	0.0052032470703125	0.00665283203125	-0.1305999755859375
Nexus6x05	1030175118463821	0.004913330078125	0.0065460205078125	-0.1306915283203125
Nexus6x05	1030175122919387	0.005157470703125	0.0064697265625	-0.1306610107421875
Nexus6x05	1030175127374954	0.00537109375	0.0063934326171875	-0.130615234375
Nexus6x05	1030175131830520	0.005584716796875	0.0063323974609375	-0.1305694580078125
Nexus6x05	1030175136286087	0.0057830810546875	0.0062713623046875	-0.1306610107421875
Nexus6x05	1030175140741653	0.0059661865234375	0.0062103271484375	-0.1307830810546875
Nexus6x05	1030175145197219	0.0058135986328125	0.006500244140625	-0.13092041015625
Nexus6x05	1030175149652786	0.0056610107421875	0.00677490234375	-0.1310272216796875
Nexus6x05	1030175154108352	0.005523681640625	0.00701904296875	-0.1311492919921875
Nexus6x05	1030175158563919	0.005401611328125	0.00726318359375	-0.131256103515625
Nexus6x05	1030175163019485	0.005279541015625	0.007476806640625	-0.1313629150390625
Nexus6x05	1030175167444534	0.0054168701171875	0.0073699951171875	-0.1314544677734375
Nexus6x05	1030175171900100	0.00555419921875	0.00726318359375	-0.13153076171875
Nexus6x05	1030175176355667	0.00567626953125	0.0071563720703125	-0.1316070556640625
Nexus6x05	1030175180811233	0.00579833984375	0.0070648193359375	-0.1316070556640625
Nexus6x05	1030175185266800	0.0059051513671875	0.006988525390625	-0.131591796875
Nexus6x05	1030175189722366	0.006103515625	0.0065765380859375	-0.131561279296875
Nexus6x05	1030175194177932	0.00628662109375	0.0061798095703125	-0.1315460205078125
Nexus6x05	1030175198633499	0.0064544677734375	0.005828857421875	-0.1315460205078125
Nexus6x05	1030175203089065	0.006622314453125	0.0054779052734375	-0.1315155029296875
Nexus6x05	1030175207544632	0.00677490234375	0.0051727294921875	-0.131378173828125
Nexus6x05	1030175212000198	0.0064849853515625	0.0052032470703125	-0.1312255859375
Nexus6x05	1030175216425247	0.0062103271484375	0.0052337646484375	-0.131072998046875
Nexus6x05	1030175220880813	0.005950927734375	0.005279541015625	-0.1309661865234375
Nexus6x05	1030175225336380	0.005706787109375	0.0052947998046875	-0.1308746337890625
Nexus6x05	1030175229791946	0.0054931640625	0.0053253173828125	-0.13079833984375
Nexus6x05	1030175234247512	0.0053863525390625	0.0054779052734375	-0.130706787109375
Nexus6x05	1030175238703079	0.0052947998046875	0.005615234375	-0.1307373046875
Nexus6x05	1030175243158645	0.0052032470703125	0.0057525634765625	-0.1307830810546875
Nexus6x05	1030175247614212	0.0051116943359375	0.0058746337890625	-0.130828857421875
Nexus6x05	1030175252069778	0.005035400390625	0.0059814453125	-0.1309051513671875
Nexus6x05	1030175256525344	0.0051727294921875	0.0057220458984375	-0.1309814453125
Nexus6x05	1030175260980911	0.00531005859375	0.0054779052734375	-0.13104248046875
Nexus6x05	1030175265405960	0.00543212890625	0.0052490234375	-0.1309356689453125
Nexus6x05	1030175269861526	0.00555419921875	0.0050506591796875	-0.13079833984375
Nexus6x05	1030175274317093	0.0056610107421875	0.004852294921875	-0.130645751953125
Nexus6x05	1030175278772659	0.0055694580078125	0.005035400390625	-0.1305999755859375
Nexus6x05	1030175283228225	0.0054931640625	0.005218505859375	-0.1305694580078125
Nexus6x05	1030175287683792	0.00543212890625	0.0053863525390625	-0.13055419921875
Nexus6x05	1030175292139358	0.0053558349609375	0.0055389404296875	-0.13043212890625
Nexus6x05	1030175296594925	0.0052947998046875	0.0056915283203125	-0.1302947998046875
Nexus6x05	1030175301050491	0.0055084228515625	0.0054931640625	-0.1301422119140625
Nexus6x05	1030175305506057	0.005706787109375	0.0053253173828125	-0.1299896240234375
Nexus6x05	1030175309961624	0.005889892578125	0.005157470703125	-0.1299591064453125
Nexus6x05	1030175314386673	0.0060577392578125	0.0050048828125	-0.1299285888671875
Nexus6x05	1030175318842239	0.0062255859375	0.0048675537109375	-0.129913330078125
Nexus6x05	1030175323297805	0.00640869140625	0.0047607421875	-0.1299591064453125
Nexus6x05	1030175327753372	0.0065765380859375	0.0046539306640625	-0.1300048828125
Nexus6x05	1030175332208938	0.0067291259765625	0.0045623779296875	-0.1300506591796875
Nexus6x05	1030175336664505	0.0068817138671875	0.0044708251953125	-0.1298370361328125
Nexus6x05	1030175341120071	0.00701904296875	0.0043792724609375	-0.12957763671875
Nexus6x05	1030175345575637	0.0071258544921875	0.0047454833984375	-0.1293182373046875
Nexus6x05	1030175350031204	0.007232666015625	0.00506591796875	-0.1291656494140625
Nexus6x05	1030175354486770	0.00732421875	0.0053863525390625	-0.1290283203125
Nexus6x05	1030175358942337	0.007415771484375	0.00567626953125	-0.12890625
Nexus6x05	1030175363367386	0.00750732421875	0.005950927734375	-0.1288299560546875
Nexus6x05	1030175367822952	0.007843017578125	0.0059051513671875	-0.1287689208984375
Nexus6x05	1030175372278518	0.008148193359375	0.0058746337890625	-0.1287078857421875
Nexus6x05	1030175376734085	0.008453369140625	0.0058441162109375	-0.1286468505859375
Nexus6x05	1030175381189651	0.00872802734375	0.0058135986328125	-0.128570556640625
Nexus6x05	1030175385645218	0.0089874267578125	0.0057830810546875	-0.1284942626953125
Nexus6x05	1030175390100784	0.0091400146484375	0.0054168701171875	-0.12841796875
Nexus6x05	1030175394556350	0.0092926025390625	0.00506591796875	-0.12835693359375
Nexus6x05	1030175399011917	0.0094451904296875	0.004730224609375	-0.1282958984375
Nexus6x05	1030175403467483	0.0095672607421875	0.004425048828125	-0.12823486328125
Nexus6x05	1030175407923050	0.00970458984375	0.0041351318359375	-0.1282501220703125
Nexus6x05	1030175412348098	0.009552001953125	0.00433349609375	-0.1282958984375
Nexus6x05	1030175416803665	0.0093994140625	0.0045166015625	-0.1283416748046875
Nexus6x05	1030175421259231	0.00927734375	0.0046844482421875	-0.128265380859375
Nexus6x05	1030175425714798	0.0091552734375	0.004852294921875	-0.1281585693359375
Nexus6x05	1030175430170364	0.009033203125	0.0049896240234375	-0.1280517578125
Nexus6x05	1030175434625930	0.008819580078125	0.0047454833984375	-0.1280975341796875
Nexus6x05	1030175439081497	0.0086212158203125	0.0045166015625	-0.128173828125
Nexus6x05	1030175443537063	0.0084381103515625	0.004302978515625	-0.1282501220703125
Nexus6x05	1030175447992630	0.0082550048828125	0.0041046142578125	-0.1283111572265625
Nexus6x05	1030175452448196	0.0081024169921875	0.0039215087890625	-0.128265380859375
Nexus6x05	1030175456903762	0.008087158203125	0.003875732421875	-0.1281890869140625
Nexus6x05	1030175461328811	0.0080718994140625	0.0038299560546875	-0.12811279296875
Nexus6x05	1030175465784378	0.0080718994140625	0.0037994384765625	-0.128021240234375
Nexus6x05	1030175470239944	0.0080718994140625	0.003753662109375	-0.1279296875
Nexus6x05	1030175474695511	0.008056640625	0.00372314453125	-0.127838134765625
Nexus6x05	1030175479151077	0.0081939697265625	0.0039215087890625	-0.1278076171875
Nexus6x05	1030175483606643	0.0083160400390625	0.00408935546875	-0.1277923583984375
Nexus6x05	1030175488062210	0.0084381103515625	0.0042572021484375	-0.127777099609375
Nexus6x05	1030175492517776	0.008544921875	0.004425048828125	-0.127899169921875
Nexus6x05	1030175496973343	0.008636474609375	0.0045623779296875	-0.1280517578125
Nexus6x05	1030175501428909	0.00830078125	0.0045166015625	-0.1282196044921875
Nexus6x05	1030175505853958	0.007965087890625	0.004486083984375	-0.128265380859375
Nexus6x05	1030175510309524	0.007659912109375	0.0044403076171875	-0.1282958984375
Nexus6x05	1030175514765091	0.0073699951171875	0.0044097900390625	-0.128326416015625
Nexus6x05	1030175519220657	0.007110595703125	0.0043792724609375	-0.1283416748046875
Nexus6x05	1030175523676223	0.0070953369140625	0.0042724609375	-0.1283416748046875
Nexus6x05	1030175528131790	0.007080078125	0.004180908203125	-0.1283416748046875
Nexus6x05	1030175532587356	0.0070648193359375	0.00408935546875	-0.1283416748046875
Nexus6x05	1030175537042923	0.0070648193359375	0.003997802734375	-0.128326416015625
Nexus6x05	1030175541498489	0.007049560546875	0.0039215087890625	-0.1282958984375
Nexus6x05	1030175545954055	0.0069732666015625	0.0040740966796875	-0.1282806396484375
Nexus6x05	1030175550409622	0.0069122314453125	0.00421142578125	-0.12823486328125
Nexus6x05	1030175554834671	0.0068359375	0.0043487548828125	-0.128173828125
Nexus6x05	1030175559290237	0.00677490234375	0.0044708251953125	-0.1281280517578125
Nexus6x05	1030175563745803	0.0067291259765625	0.00457763671875	-0.128143310546875
Nexus6x05	1030175568201370	0.006683349609375	0.0047760009765625	-0.128173828125
Nexus6x05	1030175572656936	0.00665283203125	0.0049591064453125	-0.1282196044921875
Nexus6x05	1030175577112503	0.006622314453125	0.0051422119140625	-0.128448486328125
Nexus6x05	1030175581568069	0.006591796875	0.0052947998046875	-0.1287078857421875
