displayname	timestamp	x	y	z
Nexus5x05	6119818069000	0.3400000035762787	0.7400000095367432	9.769999504089355
Nexus5x05	6119823029000	0.3700000047683716	0.7099999785423279	9.769999504089355
Nexus5x05	6119828021000	0.3799999952316284	0.6899999976158142	9.769999504089355
Nexus5x05	6119833013000	0.38999998569488525	0.6800000071525574	9.779999732971191
Nexus5x05	6119838037000	0.38999998569488525	0.6800000071525574	9.779999732971191
Nexus5x05	6119843029000	0.38999998569488525	0.6800000071525574	9.779999732971191
Nexus5x05	6119848021000	0.38999998569488525	0.6800000071525574	9.779999732971191
Nexus5x05	6119853062000	0.38999998569488525	0.6800000071525574	9.779999732971191
Nexus5x05	6119858062000	0.3700000047683716	0.699999988079071	9.769999504089355
Nexus5x05	6119863061000	0.3499999940395355	0.699999988079071	9.779999732971191
Nexus5x05	6119868061000	0.3499999940395355	0.7099999785423279	9.769999504089355
Nexus5x05	6119873047000	0.3400000035762787	0.7400000095367432	9.769999504089355
Nexus5x05	6119878090000	0.3400000035762787	0.7299999594688416	9.769999504089355
Nexus5x05	6119883218000	0.3700000047683716	0.7199999690055847	9.769999504089355
Nexus5x05	6119888218000	0.35999998450279236	0.7299999594688416	9.769999504089355
Nexus5x05	6119893293000	0.3700000047683716	0.7199999690055847	9.769999504089355
Nexus5x05	6119898293000	0.3700000047683716	0.7099999785423279	9.769999504089355
Nexus5x05	6119903203000	0.3499999940395355	0.7099999785423279	9.769999504089355
Nexus5x05	6119908203000	0.3400000035762787	0.7299999594688416	9.769999504089355
Nexus5x05	6119913134000	0.3400000035762787	0.7400000095367432	9.769999504089355
Nexus5x05	6119918134000	0.3400000035762787	0.7400000095367432	9.769999504089355
Nexus5x05	6119922977000	0.3400000035762787	0.7299999594688416	9.769999504089355
Nexus5x05	6119927977000	0.32999998331069946	0.7299999594688416	9.769999504089355
Nexus5x05	6119933015000	0.3199999928474426	0.7400000095367432	9.769999504089355
Nexus5x05	6119937999000	0.3400000035762787	0.7599999904632568	9.769999504089355
Nexus5x05	6119942907000	0.3499999940395355	0.7699999809265137	9.769999504089355
Nexus5x05	6119947907000	0.32999998331069946	0.7599999904632568	9.769999504089355
Nexus5x05	6119952902000	0.3499999940395355	0.7599999904632568	9.769999504089355
Nexus5x05	6119957902000	0.3499999940395355	0.7400000095367432	9.769999504089355
Nexus5x05	6119962918000	0.3700000047683716	0.7299999594688416	9.769999504089355
Nexus5x05	6119967918000	0.3700000047683716	0.7299999594688416	9.769999504089355
Nexus5x05	6119973068000	0.3799999952316284	0.7400000095367432	9.769999504089355
Nexus5x05	6119978068000	0.35999998450279236	0.7400000095367432	9.769999504089355
Nexus5x05	6119983168000	0.35999998450279236	0.7199999690055847	9.769999504089355
Nexus5x05	6119988168000	0.3499999940395355	0.7299999594688416	9.769999504089355
Nexus5x05	6119993195000	0.35999998450279236	0.6899999976158142	9.779999732971191
Nexus5x05	6119998195000	0.35999998450279236	0.699999988079071	9.779999732971191
Nexus5x05	6120003225000	0.32999998331069946	0.7099999785423279	9.779999732971191
Nexus5x05	6120008225000	0.3199999928474426	0.7199999690055847	9.779999732971191
Nexus5x05	6120013274000	0.3199999928474426	0.699999988079071	9.779999732971191
Nexus5x05	6120018274000	0.32999998331069946	0.699999988079071	9.779999732971191
Nexus5x05	6120023278000	0.3400000035762787	0.7199999690055847	9.769999504089355
Nexus5x05	6120028278000	0.3199999928474426	0.7400000095367432	9.769999504089355
Nexus5x05	6120033280000	0.3400000035762787	0.7400000095367432	9.769999504089355
Nexus5x05	6120038280000	0.3199999928474426	0.7199999690055847	9.769999504089355
Nexus5x05	6120043231000	0.3700000047683716	0.699999988079071	9.769999504089355
Nexus5x05	6120048231000	0.35999998450279236	0.699999988079071	9.769999504089355
Nexus5x05	6120053232000	0.3499999940395355	0.7099999785423279	9.769999504089355
Nexus5x05	6120058230000	0.32999998331069946	0.7099999785423279	9.779999732971191
Nexus5x05	6120063191000	0.32999998331069946	0.7099999785423279	9.779999732971191
Nexus5x05	6120068191000	0.3199999928474426	0.7199999690055847	9.779999732971191
Nexus5x05	6120073210000	0.3199999928474426	0.75	9.769999504089355
Nexus5x05	6120078210000	0.3799999952316284	0.7400000095367432	9.769999504089355
Nexus5x05	6120083231000	0.35999998450279236	0.75	9.769999504089355
Nexus5x05	6120088191000	0.35999998450279236	0.7299999594688416	9.769999504089355
Nexus5x05	6120093186000	0.35999998450279236	0.7199999690055847	9.769999504089355
Nexus5x05	6120098146000	0.3499999940395355	0.7099999785423279	9.779999732971191
Nexus5x05	6120103219000	0.3499999940395355	0.699999988079071	9.779999732971191
Nexus5x05	6120108179000	0.3100000023841858	0.7199999690055847	9.779999732971191
Nexus5x05	6120113238000	0.3199999928474426	0.7299999594688416	9.769999504089355
Nexus5x05	6120118198000	0.29999998211860657	0.7199999690055847	9.779999732971191
Nexus5x05	6120123245000	0.32999998331069946	0.7099999785423279	9.769999504089355
Nexus5x05	6120128205000	0.3400000035762787	0.6899999976158142	9.779999732971191
Nexus5x05	6120133244000	0.35999998450279236	0.75	9.769999504089355
Nexus5x05	6120138204000	0.3499999940395355	0.75	9.769999504089355
Nexus5x05	6120143197000	0.3199999928474426	0.7199999690055847	9.769999504089355
Nexus5x05	6120148157000	0.3199999928474426	0.7099999785423279	9.779999732971191
Nexus5x05	6120153126000	0.35999998450279236	0.7199999690055847	9.769999504089355
Nexus5x05	6120158086000	0.32999998331069946	0.75	9.769999504089355
Nexus5x05	6120163073000	0.3199999928474426	0.75	9.769999504089355
Nexus5x05	6120168033000	0.3199999928474426	0.7899999618530273	9.769999504089355
Nexus5x05	6120172986000	0.3400000035762787	0.7799999713897705	9.769999504089355
Nexus5x05	6120177946000	0.3199999928474426	0.7699999809265137	9.769999504089355
Nexus5x05	6120182946000	0.3700000047683716	0.7599999904632568	9.769999504089355
Nexus5x05	6120187906000	0.3700000047683716	0.7699999809265137	9.769999504089355
Nexus5x05	6120193033000	0.3700000047683716	0.75	9.769999504089355
Nexus5x05	6120197993000	0.35999998450279236	0.7400000095367432	9.769999504089355
Nexus5x05	6120203036000	0.35999998450279236	0.7400000095367432	9.769999504089355
Nexus5x05	6120207996000	0.3700000047683716	0.7099999785423279	9.769999504089355
Nexus5x05	6120213048000	0.3400000035762787	0.7099999785423279	9.769999504089355
Nexus5x05	6120218008000	0.32999998331069946	0.7099999785423279	9.779999732971191
Nexus5x05	6120223062000	0.32999998331069946	0.7299999594688416	9.769999504089355
Nexus5x05	6120228022000	0.3400000035762787	0.7400000095367432	9.769999504089355
Nexus5x05	6120233060000	0.3499999940395355	0.7400000095367432	9.769999504089355
Nexus5x05	6120238055000	0.3700000047683716	0.7299999594688416	9.769999504089355
Nexus5x05	6120243055000	0.29999998211860657	0.7400000095367432	9.769999504089355
Nexus5x05	6120247928000	0.3199999928474426	0.75	9.769999504089355
Nexus5x05	6120252928000	0.3100000023841858	0.7599999904632568	9.769999504089355
Nexus5x05	6120257966000	0.29999998211860657	0.7599999904632568	9.769999504089355
Nexus5x05	6120262874000	0.3199999928474426	0.75	9.769999504089355
Nexus5x05	6120267874000	0.32999998331069946	0.7599999904632568	9.769999504089355
Nexus5x05	6120272781000	0.32999998331069946	0.7699999809265137	9.769999504089355
Nexus5x05	6120277720000	0.3199999928474426	0.75	9.769999504089355
Nexus5x05	6120282720000	0.32999998331069946	0.75	9.769999504089355
Nexus5x05	6120287725000	0.32999998331069946	0.75	9.769999504089355
Nexus5x05	6120292725000	0.3499999940395355	0.7599999904632568	9.769999504089355
Nexus5x05	6120297726000	0.38999998569488525	0.75	9.769999504089355
Nexus5x05	6120302726000	0.3799999952316284	0.75	9.769999504089355
Nexus5x05	6120307727000	0.3499999940395355	0.7599999904632568	9.769999504089355
Nexus5x05	6120312727000	0.3199999928474426	0.75	9.769999504089355
Nexus5x05	6120317717000	0.3199999928474426	0.7400000095367432	9.769999504089355
Nexus5x05	6120322717000	0.32999998331069946	0.75	9.769999504089355
Nexus5x05	6120327745000	0.3400000035762787	0.75	9.769999504089355
Nexus5x05	6120332745000	0.3499999940395355	0.7299999594688416	9.769999504089355
Nexus5x05	6120337745000	0.3499999940395355	0.7099999785423279	9.769999504089355
Nexus5x05	6120342732000	0.3199999928474426	0.7099999785423279	9.779999732971191
Nexus5x05	6120347731000	0.3499999940395355	0.7199999690055847	9.769999504089355
Nexus5x05	6120352731000	0.3700000047683716	0.75	9.769999504089355
Nexus5x05	6120357715000	0.3400000035762787	0.7400000095367432	9.769999504089355
Nexus5x05	6120362715000	0.32999998331069946	0.7099999785423279	9.779999732971191
Nexus5x05	6120367589000	0.3499999940395355	0.7199999690055847	9.769999504089355
Nexus5x05	6120372589000	0.3400000035762787	0.7299999594688416	9.769999504089355
Nexus5x05	6120377614000	0.3400000035762787	0.7199999690055847	9.769999504089355
Nexus5x05	6120382614000	0.28999999165534973	0.7400000095367432	9.769999504089355
Nexus5x05	6120387565000	0.2800000011920929	0.7400000095367432	9.769999504089355
Nexus5x05	6120392565000	0.3499999940395355	0.7599999904632568	9.769999504089355
Nexus5x05	6120397379000	0.3400000035762787	0.75	9.769999504089355
Nexus5x05	6120402379000	0.25999999046325684	0.699999988079071	9.779999732971191
Nexus5x05	6120407481000	0.2800000011920929	0.7099999785423279	9.779999732971191
Nexus5x05	6120412389000	0.25	0.7299999594688416	9.779999732971191
Nexus5x05	6120417482000	0.3199999928474426	0.7799999713897705	9.769999504089355
Nexus5x05	6120422482000	0.32999998331069946	0.7299999594688416	9.769999504089355
Nexus5x05	6120427590000	0.32999998331069946	0.7299999594688416	9.769999504089355
Nexus5x05	6120432590000	0.3499999940395355	0.75	9.769999504089355
Nexus5x05	6120437756000	0.32999998331069946	0.7599999904632568	9.769999504089355
Nexus5x05	6120442716000	0.29999998211860657	0.7699999809265137	9.769999504089355
Nexus5x05	6120447959000	0.32999998331069946	0.7400000095367432	9.769999504089355
Nexus5x05	6120452919000	0.3499999940395355	0.7299999594688416	9.769999504089355
Nexus5x05	6120458064000	0.3400000035762787	0.7199999690055847	9.769999504089355
Nexus5x05	6120463024000	0.28999999165534973	0.75	9.769999504089355
Nexus5x05	6120468158000	0.3199999928474426	0.7299999594688416	9.769999504089355
Nexus5x05	6120473118000	0.32999998331069946	0.7199999690055847	9.769999504089355
Nexus5x05	6120478252000	0.32999998331069946	0.7400000095367432	9.769999504089355
Nexus5x05	6120483212000	0.3400000035762787	0.7400000095367432	9.769999504089355
Nexus5x05	6120488149000	0.3400000035762787	0.75	9.769999504089355
Nexus5x05	6120493109000	0.3400000035762787	0.75	9.769999504089355
Nexus5x05	6120498165000	0.3400000035762787	0.7400000095367432	9.769999504089355
Nexus5x05	6120503200000	0.32999998331069946	0.7199999690055847	9.769999504089355
Nexus5x05	6120508200000	0.3100000023841858	0.7199999690055847	9.779999732971191
Nexus5x05	6120513223000	0.32999998331069946	0.7299999594688416	9.769999504089355
Nexus5x05	6120518223000	0.35999998450279236	0.7299999594688416	9.769999504089355
Nexus5x05	6120523168000	0.29999998211860657	0.7199999690055847	9.779999732971191
Nexus5x05	6120528168000	0.29999998211860657	0.7400000095367432	9.769999504089355
Nexus5x05	6120533155000	0.3100000023841858	0.7400000095367432	9.769999504089355
Nexus5x05	6120538155000	0.3400000035762787	0.75	9.769999504089355
Nexus5x05	6120543233000	0.3400000035762787	0.75	9.769999504089355
Nexus5x05	6120548233000	0.3400000035762787	0.7400000095367432	9.769999504089355
Nexus5x05	6120553256000	0.3799999952316284	0.7400000095367432	9.769999504089355
Nexus5x05	6120558256000	0.3700000047683716	0.7299999594688416	9.769999504089355
Nexus5x05	6120563082000	0.3400000035762787	0.7099999785423279	9.769999504089355
Nexus5x05	6120568082000	0.3100000023841858	0.7199999690055847	9.779999732971191
Nexus5x05	6120573108000	0.2800000011920929	0.7099999785423279	9.779999732971191
Nexus5x05	6120578108000	0.32999998331069946	0.7199999690055847	9.769999504089355
Nexus5x05	6120583069000	0.3700000047683716	0.7199999690055847	9.769999504089355
Nexus5x05	6120588069000	0.3799999952316284	0.7199999690055847	9.769999504089355
Nexus5x05	6120593119000	0.35999998450279236	0.7299999594688416	9.769999504089355
Nexus5x05	6120598119000	0.32999998331069946	0.7099999785423279	9.779999732971191
Nexus5x05	6120603125000	0.29999998211860657	0.7199999690055847	9.779999732971191
Nexus5x05	6120608125000	0.3199999928474426	0.7199999690055847	9.769999504089355
Nexus5x05	6120613098000	0.3499999940395355	0.7199999690055847	9.769999504089355
Nexus5x05	6120618098000	0.3499999940395355	0.7099999785423279	9.769999504089355
Nexus5x05	6120623166000	0.32999998331069946	0.7299999594688416	9.769999504089355
Nexus5x05	6120628166000	0.3100000023841858	0.7599999904632568	9.769999504089355
Nexus5x05	6120633210000	0.28999999165534973	0.7699999809265137	9.769999504089355
Nexus5x05	6120638210000	0.28999999165534973	0.7699999809265137	9.769999504089355
Nexus5x05	6120643106000	0.28999999165534973	0.7699999809265137	9.769999504089355
Nexus5x05	6120648176000	0.3100000023841858	0.7400000095367432	9.769999504089355
Nexus5x05	6120653174000	0.3499999940395355	0.7400000095367432	9.769999504089355
Nexus5x05	6120658174000	0.35999998450279236	0.7299999594688416	9.769999504089355
Nexus5x05	6120663081000	0.3499999940395355	0.75	9.769999504089355
Nexus5x05	6120668081000	0.3499999940395355	0.7299999594688416	9.769999504089355
Nexus5x05	6120672900000	0.3499999940395355	0.7199999690055847	9.769999504089355
Nexus5x05	6120677900000	0.29999998211860657	0.7299999594688416	9.769999504089355
Nexus5x05	6120682832000	0.28999999165534973	0.7299999594688416	9.779999732971191
Nexus5x05	6120687832000	0.3199999928474426	0.699999988079071	9.779999732971191
Nexus5x05	6120692852000	0.32999998331069946	0.7199999690055847	9.769999504089355
Nexus5x05	6120697757000	0.3400000035762787	0.7400000095367432	9.769999504089355
Nexus5x05	6120702794000	0.3499999940395355	0.7599999904632568	9.769999504089355
Nexus5x05	6120707794000	0.35999998450279236	0.75	9.769999504089355
Nexus5x05	6120712701000	0.32999998331069946	0.7400000095367432	9.769999504089355
Nexus5x05	6120717701000	0.3100000023841858	0.7199999690055847	9.769999504089355
Nexus5x05	6120722636000	0.3100000023841858	0.7299999594688416	9.769999504089355
Nexus5x05	6120727542000	0.3199999928474426	0.7400000095367432	9.769999504089355
Nexus5x05	6120732611000	0.35999998450279236	0.75	9.769999504089355
Nexus5x05	6120737611000	0.35999998450279236	0.75	9.769999504089355
Nexus5x05	6120742519000	0.3400000035762787	0.7199999690055847	9.769999504089355
Nexus5x05	6120747519000	0.3199999928474426	0.75	9.769999504089355
Nexus5x05	6120752430000	0.3499999940395355	0.7699999809265137	9.769999504089355
Nexus5x05	6120757430000	0.3400000035762787	0.7599999904632568	9.769999504089355
Nexus5x05	6120762522000	0.35999998450279236	0.7699999809265137	9.769999504089355
Nexus5x05	6120767482000	0.3499999940395355	0.7799999713897705	9.769999504089355
Nexus5x05	6120772512000	0.29999998211860657	0.75	9.769999504089355
Nexus5x05	6120777472000	0.3100000023841858	0.7599999904632568	9.769999504089355
Nexus5x05	6120782506000	0.3100000023841858	0.7400000095367432	9.769999504089355
Nexus5x05	6120787466000	0.3100000023841858	0.7199999690055847	9.779999732971191
Nexus5x05	6120792413000	0.3100000023841858	0.6899999976158142	9.779999732971191
Nexus5x05	6120797373000	0.3199999928474426	0.7099999785423279	9.779999732971191
Nexus5x05	6120802504000	0.3499999940395355	0.7199999690055847	9.769999504089355
Nexus5x05	6120807464000	0.3499999940395355	0.7299999594688416	9.769999504089355
Nexus5x05	6120812508000	0.3400000035762787	0.699999988079071	9.779999732971191
Nexus5x05	6120817468000	0.3499999940395355	0.7199999690055847	9.769999504089355
Nexus5x05	6120822610000	0.3700000047683716	0.699999988079071	9.769999504089355
Nexus5x05	6120827570000	0.3700000047683716	0.6899999976158142	9.779999732971191
Nexus5x05	6120832603000	0.35999998450279236	0.7099999785423279	9.769999504089355
Nexus5x05	6120837600000	0.32999998331069946	0.699999988079071	9.779999732971191
Nexus5x05	6120842600000	0.3499999940395355	0.7099999785423279	9.769999504089355
Nexus5x05	6120847692000	0.32999998331069946	0.699999988079071	9.779999732971191
Nexus5x05	6120852620000	0.3400000035762787	0.6899999976158142	9.779999732971191
Nexus5x05	6120857718000	0.3499999940395355	0.7099999785423279	9.769999504089355
Nexus5x05	6120862718000	0.3199999928474426	0.7400000095367432	9.769999504089355
Nexus5x05	6120867705000	0.32999998331069946	0.7400000095367432	9.769999504089355
Nexus5x05	6120872705000	0.32999998331069946	0.699999988079071	9.779999732971191
Nexus5x05	6120877717000	0.3199999928474426	0.7099999785423279	9.779999732971191
Nexus5x05	6120882717000	0.3400000035762787	0.7400000095367432	9.769999504089355
Nexus5x05	6120887809000	0.3499999940395355	0.7400000095367432	9.769999504089355
Nexus5x05	6120892809000	0.32999998331069946	0.7199999690055847	9.769999504089355
Nexus5x05	6120897771000	0.35999998450279236	0.7099999785423279	9.769999504089355
Nexus5x05	6120902771000	0.3700000047683716	0.7199999690055847	9.769999504089355
Nexus5x05	6120907781000	0.3400000035762787	0.7299999594688416	9.769999504089355
Nexus5x05	6120912781000	0.32999998331069946	0.75	9.769999504089355
Nexus5x05	6120917781000	0.3499999940395355	0.7400000095367432	9.769999504089355
Nexus5x05	6120922781000	0.3400000035762787	0.7299999594688416	9.769999504089355
Nexus5x05	6120927868000	0.32999998331069946	0.7099999785423279	9.779999732971191
Nexus5x05	6120932868000	0.3400000035762787	0.7199999690055847	9.769999504089355
Nexus5x05	6120937921000	0.3499999940395355	0.7299999594688416	9.769999504089355
Nexus5x05	6120942974000	0.35999998450279236	0.7400000095367432	9.769999504089355
Nexus5x05	6120947938000	0.32999998331069946	0.7400000095367432	9.769999504089355
Nexus5x05	6120952963000	0.29999998211860657	0.75	9.769999504089355
Nexus5x05	6120957891000	0.29999998211860657	0.7299999594688416	9.779999732971191
Nexus5x05	6120962891000	0.3100000023841858	0.7199999690055847	9.779999732971191
Nexus5x05	6120967946000	0.3199999928474426	0.7400000095367432	9.769999504089355
Nexus5x05	6120972946000	0.3199999928474426	0.7199999690055847	9.769999504089355
Nexus5x05	6120978024000	0.3199999928474426	0.699999988079071	9.779999732971191
Nexus5x05	6120983024000	0.3400000035762787	0.7099999785423279	9.769999504089355
Nexus5x05	6120988130000	0.3499999940395355	0.7299999594688416	9.769999504089355
Nexus5x05	6120993130000	0.3499999940395355	0.7400000095367432	9.769999504089355
Nexus5x05	6120998204000	0.3400000035762787	0.75	9.769999504089355
Nexus5x05	6121003204000	0.3499999940395355	0.7699999809265137	9.769999504089355
Nexus5x05	6121008151000	0.3400000035762787	0.7599999904632568	9.769999504089355
Nexus5x05	6121013151000	0.32999998331069946	0.7599999904632568	9.769999504089355
Nexus5x05	6121018214000	0.3400000035762787	0.7699999809265137	9.769999504089355
Nexus5x05	6121023214000	0.3199999928474426	0.7400000095367432	9.769999504089355
Nexus5x05	6121028271000	0.3400000035762787	0.7199999690055847	9.769999504089355
Nexus5x05	6121033271000	0.32999998331069946	0.7400000095367432	9.769999504089355
Nexus5x05	6121038294000	0.3100000023841858	0.7599999904632568	9.769999504089355
Nexus5x05	6121043294000	0.3100000023841858	0.75	9.769999504089355
Nexus5x05	6121048310000	0.2800000011920929	0.7400000095367432	9.769999504089355
Nexus5x05	6121053310000	0.3199999928474426	0.7400000095367432	9.769999504089355
Nexus5x05	6121058277000	0.29999998211860657	0.7599999904632568	9.769999504089355
Nexus5x05	6121063277000	0.29999998211860657	0.75	9.769999504089355
Nexus5x05	6121068241000	0.3199999928474426	0.7299999594688416	9.769999504089355
Nexus5x05	6121073241000	0.3400000035762787	0.7299999594688416	9.769999504089355
Nexus5x05	6121078259000	0.3499999940395355	0.7099999785423279	9.769999504089355
Nexus5x05	6121083162000	0.3700000047683716	0.7599999904632568	9.769999504089355
Nexus5x05	6121088084000	0.32999998331069946	0.7299999594688416	9.769999504089355
Nexus5x05	6121093084000	0.3100000023841858	0.7199999690055847	9.779999732971191
Nexus5x05	6121097958000	0.3400000035762787	0.7599999904632568	9.769999504089355
Nexus5x05	6121102958000	0.28999999165534973	0.7400000095367432	9.769999504089355
Nexus5x05	6121107879000	0.3100000023841858	0.7299999594688416	9.769999504089355
Nexus5x05	6121112839000	0.3199999928474426	0.7299999594688416	9.769999504089355
Nexus5x05	6121117793000	0.3400000035762787	0.7099999785423279	9.779999732971191
Nexus5x05	6121122753000	0.3400000035762787	0.7400000095367432	9.769999504089355
Nexus5x05	6121127789000	0.3499999940395355	0.7099999785423279	9.769999504089355
Nexus5x05	6121132749000	0.3499999940395355	0.699999988079071	9.779999732971191
Nexus5x05	6121137631000	0.32999998331069946	0.7199999690055847	9.769999504089355
Nexus5x05	6121142591000	0.3700000047683716	0.7599999904632568	9.769999504089355
Nexus5x05	6121147633000	0.3400000035762787	0.75	9.769999504089355
Nexus5x05	6121152593000	0.3400000035762787	0.7400000095367432	9.769999504089355
Nexus5x05	6121157633000	0.3400000035762787	0.7099999785423279	9.769999504089355
Nexus5x05	6121162593000	0.3499999940395355	0.7400000095367432	9.769999504089355
Nexus5x05	6121167632000	0.3400000035762787	0.7400000095367432	9.769999504089355
Nexus5x05	6121172594000	0.3100000023841858	0.7400000095367432	9.769999504089355
Nexus5x05	6121177594000	0.3199999928474426	0.7299999594688416	9.769999504089355
Nexus5x05	6121182619000	0.29999998211860657	0.699999988079071	9.779999732971191
Nexus5x05	6121187533000	0.3100000023841858	0.699999988079071	9.779999732971191
Nexus5x05	6121192625000	0.32999998331069946	0.7099999785423279	9.779999732971191
Nexus5x05	6121197625000	0.32999998331069946	0.75	9.769999504089355
Nexus5x05	6121202623000	0.3199999928474426	0.7699999809265137	9.769999504089355
Nexus5x05	6121207623000	0.3199999928474426	0.7599999904632568	9.769999504089355
Nexus5x05	6121212413000	0.3199999928474426	0.7299999594688416	9.769999504089355
Nexus5x05	6121217413000	0.3199999928474426	0.7099999785423279	9.779999732971191
Nexus5x05	6121222410000	0.3499999940395355	0.7199999690055847	9.769999504089355
Nexus5x05	6121227410000	0.35999998450279236	0.7299999594688416	9.769999504089355
Nexus5x05	6121232388000	0.32999998331069946	0.7099999785423279	9.779999732971191
Nexus5x05	6121237388000	0.29999998211860657	0.699999988079071	9.779999732971191
Nexus5x05	6121242552000	0.3100000023841858	0.7099999785423279	9.779999732971191
Nexus5x05	6121247552000	0.32999998331069946	0.7099999785423279	9.779999732971191
Nexus5x05	6121252661000	0.3499999940395355	0.699999988079071	9.779999732971191
Nexus5x05	6121257663000	0.3400000035762787	0.6899999976158142	9.779999732971191
Nexus5x05	6121262665000	0.32999998331069946	0.6899999976158142	9.779999732971191
Nexus5x05	6121267665000	0.32999998331069946	0.7099999785423279	9.779999732971191
Nexus5x05	6121272749000	0.32999998331069946	0.7299999594688416	9.769999504089355
Nexus5x05	6121277749000	0.3400000035762787	0.7199999690055847	9.769999504089355
Nexus5x05	6121282937000	0.3400000035762787	0.7099999785423279	9.779999732971191
Nexus5x05	6121288032000	0.3499999940395355	0.7199999690055847	9.769999504089355
Nexus5x05	6121293064000	0.35999998450279236	0.7299999594688416	9.769999504089355
Nexus5x05	6121298064000	0.3700000047683716	0.699999988079071	9.769999504089355
Nexus5x05	6121303008000	0.3400000035762787	0.6899999976158142	9.779999732971191
Nexus5x05	6121308008000	0.32999998331069946	0.699999988079071	9.779999732971191
Nexus5x05	6121312980000	0.32999998331069946	0.7199999690055847	9.769999504089355
Nexus5x05	6121317980000	0.32999998331069946	0.75	9.769999504089355
Nexus5x05	6121322885000	0.3499999940395355	0.75	9.769999504089355
Nexus5x05	6121327885000	0.3400000035762787	0.7599999904632568	9.769999504089355
Nexus5x05	6121332817000	0.3100000023841858	0.7299999594688416	9.769999504089355
Nexus5x05	6121337817000	0.28999999165534973	0.699999988079071	9.779999732971191
Nexus5x05	6121342723000	0.2800000011920929	0.699999988079071	9.779999732971191
Nexus5x05	6121347723000	0.29999998211860657	0.6800000071525574	9.779999732971191
Nexus5x05	6121352712000	0.29999998211860657	0.6699999570846558	9.779999732971191
Nexus5x05	6121357712000	0.29999998211860657	0.6800000071525574	9.779999732971191
Nexus5x05	6121362717000	0.3499999940395355	0.699999988079071	9.779999732971191
Nexus5x05	6121367717000	0.3199999928474426	0.6699999570846558	9.779999732971191
Nexus5x05	6121372548000	0.32999998331069946	0.6899999976158142	9.779999732971191
Nexus5x05	6121377548000	0.32999998331069946	0.699999988079071	9.779999732971191
Nexus5x05	6121382470000	0.3199999928474426	0.7400000095367432	9.769999504089355
Nexus5x05	6121387470000	0.3400000035762787	0.7299999594688416	9.769999504089355
Nexus5x05	6121392471000	0.3400000035762787	0.7199999690055847	9.769999504089355
Nexus5x05	6121397472000	0.3400000035762787	0.7599999904632568	9.769999504089355
Nexus5x05	6121402510000	0.29999998211860657	0.7299999594688416	9.779999732971191
Nexus5x05	6121407510000	0.29999998211860657	0.699999988079071	9.779999732971191
Nexus5x05	6121412504000	0.29999998211860657	0.7599999904632568	9.769999504089355
Nexus5x05	6121417504000	0.3199999928474426	0.7099999785423279	9.779999732971191
Nexus5x05	6121422415000	0.28999999165534973	0.7199999690055847	9.779999732971191
Nexus5x05	6121427415000	0.3400000035762787	0.7299999594688416	9.769999504089355
Nexus5x05	6121432513000	0.3400000035762787	0.75	9.769999504089355
Nexus5x05	6121437526000	0.3199999928474426	0.7299999594688416	9.769999504089355
Nexus5x05	6121442564000	0.32999998331069946	0.75	9.769999504089355
Nexus5x05	6121447524000	0.29999998211860657	0.7099999785423279	9.779999732971191
Nexus5x05	6121452786000	0.3499999940395355	0.7599999904632568	9.769999504089355
Nexus5x05	6121457746000	0.3100000023841858	0.7400000095367432	9.769999504089355
Nexus5x05	6121462973000	0.28999999165534973	0.7299999594688416	9.779999732971191
Nexus5x05	6121467933000	0.3199999928474426	0.7400000095367432	9.769999504089355
Nexus5x05	6121473078000	0.3100000023841858	0.7299999594688416	9.769999504089355
Nexus5x05	6121478038000	0.26999998092651367	0.699999988079071	9.779999732971191
Nexus5x05	6121483218000	0.3100000023841858	0.7299999594688416	9.769999504089355
Nexus5x05	6121488178000	0.3199999928474426	0.7400000095367432	9.769999504089355
Nexus5x05	6121493340000	0.3700000047683716	0.7400000095367432	9.769999504089355
Nexus5x05	6121498300000	0.3700000047683716	0.7199999690055847	9.769999504089355
Nexus5x05	6121503351000	0.35999998450279236	0.7099999785423279	9.769999504089355
Nexus5x05	6121508339000	0.3400000035762787	0.699999988079071	9.779999732971191
Nexus5x05	6121513339000	0.3100000023841858	0.7099999785423279	9.779999732971191
Nexus5x05	6121518319000	0.3400000035762787	0.7099999785423279	9.779999732971191
Nexus5x05	6121523319000	0.3400000035762787	0.7199999690055847	9.769999504089355
Nexus5x05	6121528321000	0.3499999940395355	0.75	9.769999504089355
Nexus5x05	6121533321000	0.3499999940395355	0.7400000095367432	9.769999504089355
Nexus5x05	6121538303000	0.35999998450279236	0.7299999594688416	9.769999504089355
Nexus5x05	6121543303000	0.3700000047683716	0.7299999594688416	9.769999504089355
Nexus5x05	6121548269000	0.3799999952316284	0.7400000095367432	9.769999504089355
Nexus5x05	6121553269000	0.3700000047683716	0.7400000095367432	9.769999504089355
Nexus5x05	6121558282000	0.3499999940395355	0.7400000095367432	9.769999504089355
Nexus5x05	6121563281000	0.3700000047683716	0.7400000095367432	9.769999504089355
Nexus5x05	6121568185000	0.3799999952316284	0.75	9.769999504089355
Nexus5x05	6121573208000	0.3499999940395355	0.7299999594688416	9.769999504089355
Nexus5x05	6121578119000	0.35999998450279236	0.7400000095367432	9.769999504089355
Nexus5x05	6121583119000	0.3799999952316284	0.75	9.769999504089355
Nexus5x05	6121588048000	0.3999999761581421	0.7199999690055847	9.769999504089355
Nexus5x05	6121593045000	0.3799999952316284	0.7099999785423279	9.769999504089355
Nexus5x05	6121597985000	0.3499999940395355	0.7099999785423279	9.769999504089355
Nexus5x05	6121602954000	0.3499999940395355	0.7199999690055847	9.769999504089355
Nexus5x05	6121607998000	0.35999998450279236	0.7400000095367432	9.769999504089355
Nexus5x05	6121612959000	0.35999998450279236	0.7400000095367432	9.769999504089355
Nexus5x05	6121617912000	0.3799999952316284	0.7400000095367432	9.769999504089355
Nexus5x05	6121622912000	0.3700000047683716	0.699999988079071	9.769999504089355
Nexus5x05	6121627910000	0.3499999940395355	0.699999988079071	9.779999732971191
Nexus5x05	6121632884000	0.3199999928474426	0.7299999594688416	9.769999504089355
Nexus5x05	6121637978000	0.3100000023841858	0.7299999594688416	9.769999504089355
Nexus5x05	6121642849000	0.32999998331069946	0.7299999594688416	9.769999504089355
Nexus5x05	6121647845000	0.32999998331069946	0.7400000095367432	9.769999504089355
Nexus5x05	6121652845000	0.28999999165534973	0.7299999594688416	9.779999732971191
Nexus5x05	6121657840000	0.28999999165534973	0.7099999785423279	9.779999732971191
Nexus5x05	6121662840000	0.25999999046325684	0.7099999785423279	9.779999732971191
Nexus5x05	6121667751000	0.3100000023841858	0.7400000095367432	9.769999504089355
Nexus5x05	6121672751000	0.32999998331069946	0.7400000095367432	9.769999504089355
Nexus5x05	6121677834000	0.3199999928474426	0.7299999594688416	9.769999504089355
Nexus5x05	6121682834000	0.3199999928474426	0.7299999594688416	9.769999504089355
Nexus5x05	6121687664000	0.3199999928474426	0.699999988079071	9.779999732971191
Nexus5x05	6121692664000	0.32999998331069946	0.7199999690055847	9.769999504089355
Nexus5x05	6121697582000	0.32999998331069946	0.7400000095367432	9.769999504089355
Nexus5x05	6121702582000	0.28999999165534973	0.7199999690055847	9.779999732971191
Nexus5x05	6121707564000	0.3400000035762787	0.7199999690055847	9.769999504089355
Nexus5x05	6121712564000	0.3499999940395355	0.7400000095367432	9.769999504089355
Nexus5x05	6121717497000	0.29999998211860657	0.7400000095367432	9.769999504089355
Nexus5x05	6121722497000	0.3400000035762787	0.7400000095367432	9.769999504089355
Nexus5x05	6121727531000	0.3100000023841858	0.7199999690055847	9.779999732971191
Nexus5x05	6121732531000	0.32999998331069946	0.7400000095367432	9.769999504089355
Nexus5x05	6121737531000	0.3100000023841858	0.699999988079071	9.779999732971191
Nexus5x05	6121742531000	0.3199999928474426	0.7199999690055847	9.779999732971191
Nexus5x05	6121747494000	0.25999999046325684	0.7099999785423279	9.779999732971191
Nexus5x05	6121752454000	0.26999998092651367	0.7299999594688416	9.779999732971191
Nexus5x05	6121757562000	0.28999999165534973	0.75	9.769999504089355
Nexus5x05	6121762522000	0.3199999928474426	0.7299999594688416	9.769999504089355
Nexus5x05	6121767666000	0.3100000023841858	0.7299999594688416	9.769999504089355
Nexus5x05	6121772626000	0.3100000023841858	0.7199999690055847	9.779999732971191
Nexus5x05	6121777695000	0.29999998211860657	0.7599999904632568	9.769999504089355
Nexus5x05	6121782655000	0.29999998211860657	0.7400000095367432	9.769999504089355
Nexus5x05	6121787692000	0.3400000035762787	0.7400000095367432	9.769999504089355
Nexus5x05	6121792652000	0.3700000047683716	0.7699999809265137	9.769999504089355
Nexus5x05	6121797659000	0.3799999952316284	0.7699999809265137	9.769999504089355
Nexus5x05	6121802619000	0.3400000035762787	0.75	9.769999504089355
Nexus5x05	6121807661000	0.3400000035762787	0.7699999809265137	9.769999504089355
Nexus5x05	6121812621000	0.3400000035762787	0.7699999809265137	9.769999504089355
Nexus5x05	6121817660000	0.35999998450279236	0.7599999904632568	9.769999504089355
Nexus5x05	6121822620000	0.3499999940395355	0.75	9.769999504089355
Nexus5x05	6121827699000	0.3400000035762787	0.7400000095367432	9.769999504089355
Nexus5x05	6121832659000	0.3400000035762787	0.7299999594688416	9.769999504089355
Nexus5x05	6121837704000	0.32999998331069946	0.7099999785423279	9.779999732971191
Nexus5x05	6121842544000	0.3199999928474426	0.7299999594688416	9.769999504089355
Nexus5x05	6121847544000	0.3199999928474426	0.7299999594688416	9.769999504089355
Nexus5x05	6121852636000	0.32999998331069946	0.699999988079071	9.779999732971191
Nexus5x05	6121857636000	0.29999998211860657	0.7400000095367432	9.769999504089355
Nexus5x05	6121862644000	0.3100000023841858	0.75	9.769999504089355
Nexus5x05	6121867552000	0.32999998331069946	0.75	9.769999504089355
Nexus5x05	6121872551000	0.3499999940395355	0.7599999904632568	9.769999504089355
Nexus5x05	6121877551000	0.3799999952316284	0.7699999809265137	9.769999504089355
Nexus5x05	6121882597000	0.3799999952316284	0.7699999809265137	9.769999504089355
Nexus5x05	6121887597000	0.35999998450279236	0.7400000095367432	9.769999504089355
Nexus5x05	6121892598000	0.35999998450279236	0.7199999690055847	9.769999504089355
Nexus5x05	6121897598000	0.3499999940395355	0.7199999690055847	9.769999504089355
Nexus5x05	6121902677000	0.3400000035762787	0.7199999690055847	9.769999504089355
Nexus5x05	6121907677000	0.3499999940395355	0.699999988079071	9.779999732971191
Nexus5x05	6121912673000	0.3400000035762787	0.7099999785423279	9.769999504089355
Nexus5x05	6121917669000	0.3400000035762787	0.7400000095367432	9.769999504089355
Nexus5x05	6121922668000	0.3400000035762787	0.7400000095367432	9.769999504089355
Nexus5x05	6121927668000	0.32999998331069946	0.7299999594688416	9.769999504089355
Nexus5x05	6121932645000	0.3499999940395355	0.7299999594688416	9.769999504089355
Nexus5x05	6121937645000	0.3499999940395355	0.7299999594688416	9.769999504089355
Nexus5x05	6121942620000	0.3499999940395355	0.7299999594688416	9.769999504089355
Nexus5x05	6121947620000	0.3400000035762787	0.699999988079071	9.779999732971191
Nexus5x05	6121952689000	0.32999998331069946	0.6899999976158142	9.779999732971191
Nexus5x05	6121957689000	0.3499999940395355	0.7199999690055847	9.769999504089355
Nexus5x05	6121962751000	0.3400000035762787	0.7299999594688416	9.769999504089355
Nexus5x05	6121967751000	0.32999998331069946	0.7199999690055847	9.769999504089355
Nexus5x05	6121972930000	0.32999998331069946	0.7199999690055847	9.769999504089355
Nexus5x05	6121977930000	0.32999998331069946	0.7099999785423279	9.779999732971191
Nexus5x05	6121982752000	0.32999998331069946	0.7299999594688416	9.769999504089355
Nexus5x05	6121987752000	0.35999998450279236	0.7299999594688416	9.769999504089355
Nexus5x05	6121992782000	0.3499999940395355	0.7400000095367432	9.769999504089355
Nexus5x05	6121997782000	0.3799999952316284	0.7299999594688416	9.769999504089355
Nexus5x05	6122003001000	0.3700000047683716	0.7199999690055847	9.769999504089355
Nexus5x05	6122008001000	0.32999998331069946	0.7199999690055847	9.769999504089355
Nexus5x05	6122012958000	0.3400000035762787	0.7099999785423279	9.779999732971191
Nexus5x05	6122017958000	0.3499999940395355	0.7199999690055847	9.769999504089355
Nexus5x05	6122022994000	0.3700000047683716	0.7199999690055847	9.769999504089355
Nexus5x05	6122027994000	0.3499999940395355	0.7299999594688416	9.769999504089355
Nexus5x05	6122033117000	0.3400000035762787	0.75	9.769999504089355
Nexus5x05	6122038117000	0.3700000047683716	0.75	9.769999504089355
Nexus5x05	6122043256000	0.3700000047683716	0.7299999594688416	9.769999504089355
Nexus5x05	6122048256000	0.35999998450279236	0.7199999690055847	9.769999504089355
Nexus5x05	6122053254000	0.3499999940395355	0.75	9.769999504089355
Nexus5x05	6122058254000	0.3499999940395355	0.7299999594688416	9.769999504089355
Nexus5x05	6122063249000	0.3199999928474426	0.7400000095367432	9.769999504089355
Nexus5x05	6122068249000	0.3199999928474426	0.75	9.769999504089355
Nexus5x05	6122073234000	0.3199999928474426	0.7799999713897705	9.769999504089355
Nexus5x05	6122078194000	0.3199999928474426	0.7199999690055847	9.769999504089355
Nexus5x05	6122083219000	0.29999998211860657	0.699999988079071	9.779999732971191
Nexus5x05	6122088179000	0.2800000011920929	0.7199999690055847	9.779999732971191
Nexus5x05	6122093222000	0.28999999165534973	0.7400000095367432	9.769999504089355
Nexus5x05	6122098182000	0.3199999928474426	0.7599999904632568	9.769999504089355
Nexus5x05	6122103128000	0.3400000035762787	0.7199999690055847	9.769999504089355
Nexus5x05	6122108088000	0.3400000035762787	0.7099999785423279	9.769999504089355
Nexus5x05	6122113150000	0.3100000023841858	0.7099999785423279	9.779999732971191
Nexus5x05	6122118110000	0.32999998331069946	0.7299999594688416	9.769999504089355
Nexus5x05	6122123172000	0.3400000035762787	0.7400000095367432	9.769999504089355
Nexus5x05	6122128132000	0.3499999940395355	0.7299999594688416	9.769999504089355
Nexus5x05	6122133139000	0.3499999940395355	0.75	9.769999504089355
Nexus5x05	6122138099000	0.32999998331069946	0.7599999904632568	9.769999504089355
Nexus5x05	6122143139000	0.32999998331069946	0.75	9.769999504089355
Nexus5x05	6122148072000	0.35999998450279236	0.7299999594688416	9.769999504089355
Nexus5x05	6122153072000	0.3799999952316284	0.7199999690055847	9.769999504089355
Nexus5x05	6122157975000	0.3499999940395355	0.7199999690055847	9.769999504089355
Nexus5x05	6122162975000	0.35999998450279236	0.7299999594688416	9.769999504089355
Nexus5x05	6122167890000	0.3700000047683716	0.7299999594688416	9.769999504089355
Nexus5x05	6122172923000	0.3700000047683716	0.7599999904632568	9.769999504089355
Nexus5x05	6122177923000	0.3199999928474426	0.7699999809265137	9.769999504089355
Nexus5x05	6122182923000	0.3100000023841858	0.75	9.769999504089355
Nexus5x05	6122187829000	0.3400000035762787	0.75	9.769999504089355
Nexus5x05	6122192829000	0.3499999940395355	0.7400000095367432	9.769999504089355
Nexus5x05	6122197665000	0.3199999928474426	0.699999988079071	9.779999732971191
Nexus5x05	6122202665000	0.3100000023841858	0.7099999785423279	9.779999732971191
Nexus5x05	6122207638000	0.32999998331069946	0.7099999785423279	9.779999732971191
Nexus5x05	6122212697000	0.3400000035762787	0.7099999785423279	9.779999732971191
Nexus5x05	6122217671000	0.32999998331069946	0.699999988079071	9.779999732971191
Nexus5x05	6122222671000	0.3199999928474426	0.7099999785423279	9.779999732971191
Nexus5x05	6122227671000	0.32999998331069946	0.7400000095367432	9.769999504089355
Nexus5x05	6122232766000	0.32999998331069946	0.7299999594688416	9.769999504089355
Nexus5x05	6122237719000	0.32999998331069946	0.7299999594688416	9.769999504089355
Nexus5x05	6122242719000	0.3199999928474426	0.7299999594688416	9.769999504089355
Nexus5x05	6122247893000	0.32999998331069946	0.7099999785423279	9.779999732971191
Nexus5x05	6122252893000	0.32999998331069946	0.699999988079071	9.779999732971191
Nexus5x05	6122257779000	0.3400000035762787	0.699999988079071	9.779999732971191
Nexus5x05	6122262779000	0.3199999928474426	0.7099999785423279	9.779999732971191
Nexus5x05	6122267777000	0.32999998331069946	0.7199999690055847	9.769999504089355
Nexus5x05	6122272777000	0.35999998450279236	0.7299999594688416	9.769999504089355
Nexus5x05	6122277849000	0.3499999940395355	0.7299999594688416	9.769999504089355
Nexus5x05	6122282744000	0.32999998331069946	0.7599999904632568	9.769999504089355
Nexus5x05	6122287695000	0.3400000035762787	0.7400000095367432	9.769999504089355
Nexus5x05	6122292695000	0.3400000035762787	0.7400000095367432	9.769999504089355
Nexus5x05	6122297631000	0.35999998450279236	0.7400000095367432	9.769999504089355
Nexus5x05	6122302631000	0.35999998450279236	0.7199999690055847	9.769999504089355
Nexus5x05	6122307630000	0.3700000047683716	0.7299999594688416	9.769999504089355
Nexus5x05	6122312595000	0.3799999952316284	0.7400000095367432	9.769999504089355
Nexus5x05	6122317595000	0.35999998450279236	0.75	9.769999504089355
Nexus5x05	6122322595000	0.3499999940395355	0.7400000095367432	9.769999504089355
Nexus5x05	6122327595000	0.3400000035762787	0.7400000095367432	9.769999504089355
Nexus5x05	6122332489000	0.3499999940395355	0.7299999594688416	9.769999504089355
Nexus5x05	6122337579000	0.3499999940395355	0.75	9.769999504089355
Nexus5x05	6122342579000	0.3499999940395355	0.7199999690055847	9.769999504089355
Nexus5x05	6122347585000	0.32999998331069946	0.7099999785423279	9.779999732971191
Nexus5x05	6122352585000	0.29999998211860657	0.7400000095367432	9.769999504089355
Nexus5x05	6122357494000	0.3199999928474426	0.7599999904632568	9.769999504089355
Nexus5x05	6122362494000	0.3100000023841858	0.75	9.769999504089355
Nexus5x05	6122367596000	0.28999999165534973	0.75	9.769999504089355
Nexus5x05	6122372489000	0.3199999928474426	0.7400000095367432	9.769999504089355
Nexus5x05	6122377573000	0.32999998331069946	0.7299999594688416	9.769999504089355
Nexus5x05	6122382573000	0.2800000011920929	0.699999988079071	9.779999732971191
Nexus5x05	6122387578000	0.26999998092651367	0.7299999594688416	9.779999732971191
Nexus5x05	6122392578000	0.23999999463558197	0.7400000095367432	9.779999732971191
Nexus5x05	6122397612000	0.25999999046325684	0.75	9.769999504089355
Nexus5x05	6122402612000	0.28999999165534973	0.7400000095367432	9.769999504089355
Nexus5x05	6122407615000	0.32999998331069946	0.7699999809265137	9.769999504089355
Nexus5x05	6122412575000	0.3400000035762787	0.7699999809265137	9.769999504089355
Nexus5x05	6122417742000	0.32999998331069946	0.75	9.769999504089355
Nexus5x05	6122422702000	0.3499999940395355	0.7400000095367432	9.769999504089355
Nexus5x05	6122427776000	0.3100000023841858	0.6899999976158142	9.779999732971191
Nexus5x05	6122432736000	0.3100000023841858	0.6599999666213989	9.779999732971191
Nexus5x05	6122437883000	0.3199999928474426	0.7099999785423279	9.779999732971191
Nexus5x05	6122442843000	0.3400000035762787	0.7599999904632568	9.769999504089355
Nexus5x05	6122447856000	0.3400000035762787	0.75	9.769999504089355
Nexus5x05	6122452816000	0.3199999928474426	0.7299999594688416	9.769999504089355
Nexus5x05	6122457918000	0.3400000035762787	0.7400000095367432	9.769999504089355
Nexus5x05	6122462878000	0.3400000035762787	0.7299999594688416	9.769999504089355
Nexus5x05	6122468074000	0.32999998331069946	0.75	9.769999504089355
Nexus5x05	6122473173000	0.3499999940395355	0.7599999904632568	9.769999504089355
Nexus5x05	6122478090000	0.32999998331069946	0.7699999809265137	9.769999504089355
Nexus5x05	6122483133000	0.29999998211860657	0.7400000095367432	9.769999504089355
Nexus5x05	6122488133000	0.28999999165534973	0.7199999690055847	9.779999732971191
Nexus5x05	6122493240000	0.26999998092651367	0.699999988079071	9.779999732971191
Nexus5x05	6122498240000	0.28999999165534973	0.7299999594688416	9.769999504089355
Nexus5x05	6122503279000	0.3199999928474426	0.7699999809265137	9.769999504089355
Nexus5x05	6122508279000	0.3400000035762787	0.7599999904632568	9.769999504089355
Nexus5x05	6122513253000	0.3199999928474426	0.7199999690055847	9.769999504089355
Nexus5x05	6122518253000	0.3199999928474426	0.699999988079071	9.779999732971191
Nexus5x05	6122523172000	0.3499999940395355	0.7099999785423279	9.769999504089355
Nexus5x05	6122528172000	0.35999998450279236	0.7099999785423279	9.769999504089355
Nexus5x05	6122533215000	0.35999998450279236	0.7199999690055847	9.769999504089355
Nexus5x05	6122538215000	0.35999998450279236	0.699999988079071	9.769999504089355
Nexus5x05	6122543192000	0.3400000035762787	0.699999988079071	9.779999732971191
Nexus5x05	6122548192000	0.3100000023841858	0.699999988079071	9.779999732971191
Nexus5x05	6122553155000	0.29999998211860657	0.7099999785423279	9.779999732971191
Nexus5x05	6122558155000	0.29999998211860657	0.699999988079071	9.779999732971191
Nexus5x05	6122563119000	0.29999998211860657	0.6699999570846558	9.779999732971191
Nexus5x05	6122568119000	0.2800000011920929	0.6899999976158142	9.779999732971191
Nexus5x05	6122573142000	0.28999999165534973	0.699999988079071	9.779999732971191
Nexus5x05	6122578142000	0.3199999928474426	0.7099999785423279	9.779999732971191
Nexus5x05	6122583176000	0.32999998331069946	0.7400000095367432	9.769999504089355
Nexus5x05	6122588176000	0.32999998331069946	0.7599999904632568	9.769999504089355
Nexus5x05	6122593172000	0.3499999940395355	0.7599999904632568	9.769999504089355
Nexus5x05	6122598166000	0.3499999940395355	0.7299999594688416	9.769999504089355
Nexus5x05	6122603178000	0.3499999940395355	0.7199999690055847	9.769999504089355
Nexus5x05	6122608151000	0.35999998450279236	0.7199999690055847	9.769999504089355
Nexus5x05	6122613111000	0.3400000035762787	0.7199999690055847	9.769999504089355
Nexus5x05	6122618111000	0.32999998331069946	0.7599999904632568	9.769999504089355
Nexus5x05	6122623074000	0.32999998331069946	0.7799999713897705	9.769999504089355
Nexus5x05	6122628074000	0.3400000035762787	0.7699999809265137	9.769999504089355
Nexus5x05	6122633025000	0.3499999940395355	0.7400000095367432	9.769999504089355
Nexus5x05	6122638025000	0.3400000035762787	0.6899999976158142	9.779999732971191
Nexus5x05	6122642851000	0.32999998331069946	0.699999988079071	9.779999732971191
Nexus5x05	6122647851000	0.3400000035762787	0.699999988079071	9.779999732971191
Nexus5x05	6122652798000	0.3499999940395355	0.7099999785423279	9.769999504089355
Nexus5x05	6122657798000	0.3400000035762787	0.7199999690055847	9.769999504089355
Nexus5x05	6122662772000	0.3799999952316284	0.7400000095367432	9.769999504089355
Nexus5x05	6122667772000	0.3799999952316284	0.7400000095367432	9.769999504089355
Nexus5x05	6122672681000	0.3700000047683716	0.7299999594688416	9.769999504089355
Nexus5x05	6122677681000	0.32999998331069946	0.7299999594688416	9.769999504089355
Nexus5x05	6122682615000	0.3400000035762787	0.7299999594688416	9.769999504089355
Nexus5x05	6122687615000	0.32999998331069946	0.7299999594688416	9.769999504089355
Nexus5x05	6122692640000	0.35999998450279236	0.7400000095367432	9.769999504089355
Nexus5x05	6122697643000	0.3199999928474426	0.7400000095367432	9.769999504089355
Nexus5x05	6122702586000	0.3499999940395355	0.75	9.769999504089355
Nexus5x05	6122707531000	0.3499999940395355	0.7599999904632568	9.769999504089355
Nexus5x05	6122712621000	0.32999998331069946	0.7299999594688416	9.769999504089355
Nexus5x05	6122717621000	0.35999998450279236	0.7199999690055847	9.769999504089355
Nexus5x05	6122722620000	0.32999998331069946	0.6899999976158142	9.779999732971191
Nexus5x05	6122727620000	0.3400000035762787	0.7299999594688416	9.769999504089355
Nexus5x05	6122732531000	0.3700000047683716	0.7299999594688416	9.769999504089355
Nexus5x05	6122737531000	0.32999998331069946	0.75	9.769999504089355
Nexus5x05	6122742620000	0.3499999940395355	0.7400000095367432	9.769999504089355
Nexus5x05	6122747620000	0.35999998450279236	0.7299999594688416	9.769999504089355
Nexus5x05	6122752622000	0.3400000035762787	0.7299999594688416	9.769999504089355
Nexus5x05	6122757582000	0.3100000023841858	0.699999988079071	9.779999732971191
Nexus5x05	6122762621000	0.29999998211860657	0.7199999690055847	9.779999732971191
Nexus5x05	6122767581000	0.3100000023841858	0.7099999785423279	9.779999732971191
Nexus5x05	6122772531000	0.3400000035762787	0.7199999690055847	9.769999504089355
Nexus5x05	6122777491000	0.29999998211860657	0.7099999785423279	9.779999732971191
Nexus5x05	6122782531000	0.3499999940395355	0.7400000095367432	9.769999504089355
Nexus5x05	6122787491000	0.3400000035762787	0.7299999594688416	9.769999504089355
Nexus5x05	6122792574000	0.3199999928474426	0.7599999904632568	9.769999504089355
Nexus5x05	6122797534000	0.3100000023841858	0.7599999904632568	9.769999504089355
Nexus5x05	6122802551000	0.3199999928474426	0.7400000095367432	9.769999504089355
Nexus5x05	6122807511000	0.3199999928474426	0.7199999690055847	9.769999504089355
Nexus5x05	6122812515000	0.3400000035762787	0.7299999594688416	9.769999504089355
Nexus5x05	6122817606000	0.38999998569488525	0.7599999904632568	9.769999504089355
Nexus5x05	6122822606000	0.35999998450279236	0.75	9.769999504089355
Nexus5x05	6122827618000	0.3700000047683716	0.75	9.769999504089355
Nexus5x05	6122832618000	0.35999998450279236	0.75	9.769999504089355
Nexus5x05	6122837617000	0.35999998450279236	0.7400000095367432	9.769999504089355
Nexus5x05	6122842617000	0.3499999940395355	0.75	9.769999504089355
Nexus5x05	6122847619000	0.32999998331069946	0.75	9.769999504089355
Nexus5x05	6122852619000	0.32999998331069946	0.7400000095367432	9.769999504089355
Nexus5x05	6122857711000	0.3100000023841858	0.75	9.769999504089355
Nexus5x05	6122862711000	0.29999998211860657	0.75	9.769999504089355
Nexus5x05	6122867579000	0.29999998211860657	0.75	9.769999504089355
Nexus5x05	6122872579000	0.3100000023841858	0.75	9.769999504089355
Nexus5x05	6122877590000	0.32999998331069946	0.7699999809265137	9.769999504089355
Nexus5x05	6122882620000	0.3100000023841858	0.7699999809265137	9.769999504089355
Nexus5x05	6122887528000	0.28999999165534973	0.7599999904632568	9.769999504089355
Nexus5x05	6122892528000	0.29999998211860657	0.7400000095367432	9.769999504089355
Nexus5x05	6122897662000	0.3199999928474426	0.7400000095367432	9.769999504089355
Nexus5x05	6122902662000	0.35999998450279236	0.7199999690055847	9.769999504089355
Nexus5x05	6122907559000	0.3799999952316284	0.7199999690055847	9.769999504089355
Nexus5x05	6122912559000	0.3700000047683716	0.7599999904632568	9.769999504089355
Nexus5x05	6122917639000	0.3400000035762787	0.7599999904632568	9.769999504089355
Nexus5x05	6122922639000	0.29999998211860657	0.7400000095367432	9.769999504089355
Nexus5x05	6122927639000	0.2800000011920929	0.7299999594688416	9.779999732971191
Nexus5x05	6122932546000	0.28999999165534973	0.7199999690055847	9.779999732971191
Nexus5x05	6122937548000	0.32999998331069946	0.699999988079071	9.779999732971191
Nexus5x05	6122942548000	0.3199999928474426	0.699999988079071	9.779999732971191
Nexus5x05	6122947683000	0.29999998211860657	0.7099999785423279	9.779999732971191
Nexus5x05	6122952683000	0.32999998331069946	0.7299999594688416	9.769999504089355
Nexus5x05	6122957655000	0.3400000035762787	0.7400000095367432	9.769999504089355
Nexus5x05	6122962655000	0.32999998331069946	0.75	9.769999504089355
Nexus5x05	6122967747000	0.3400000035762787	0.7199999690055847	9.769999504089355
Nexus5x05	6122972747000	0.32999998331069946	0.7099999785423279	9.779999732971191
Nexus5x05	6122977948000	0.32999998331069946	0.7299999594688416	9.769999504089355
Nexus5x05	6122982948000	0.3400000035762787	0.7400000095367432	9.769999504089355
Nexus5x05	6122988020000	0.3499999940395355	0.7099999785423279	9.769999504089355
Nexus5x05	6122993096000	0.3400000035762787	0.7099999785423279	9.769999504089355
Nexus5x05	6122998173000	0.3199999928474426	0.7299999594688416	9.769999504089355
Nexus5x05	6123003173000	0.3400000035762787	0.7799999713897705	9.769999504089355
Nexus5x05	6123008310000	0.35999998450279236	0.75	9.769999504089355
Nexus5x05	6123013310000	0.3499999940395355	0.75	9.769999504089355
Nexus5x05	6123018353000	0.3199999928474426	0.75	9.769999504089355
Nexus5x05	6123023353000	0.29999998211860657	0.7099999785423279	9.779999732971191
Nexus5x05	6123028331000	0.29999998211860657	0.7099999785423279	9.779999732971191
Nexus5x05	6123033331000	0.3199999928474426	0.7099999785423279	9.779999732971191
Nexus5x05	6123038341000	0.35999998450279236	0.7199999690055847	9.769999504089355
Nexus5x05	6123043341000	0.3100000023841858	0.7199999690055847	9.779999732971191
Nexus5x05	6123048360000	0.32999998331069946	0.7599999904632568	9.769999504089355
Nexus5x05	6123053360000	0.35999998450279236	0.7799999713897705	9.769999504089355
Nexus5x05	6123058356000	0.3400000035762787	0.7699999809265137	9.769999504089355
Nexus5x05	6123063356000	0.32999998331069946	0.7400000095367432	9.769999504089355
Nexus5x05	6123068264000	0.32999998331069946	0.7400000095367432	9.769999504089355
Nexus5x05	6123073264000	0.3700000047683716	0.7400000095367432	9.769999504089355
Nexus5x05	6123078278000	0.3499999940395355	0.75	9.769999504089355
Nexus5x05	6123083184000	0.3799999952316284	0.7400000095367432	9.769999504089355
Nexus5x05	6123088112000	0.3799999952316284	0.7299999594688416	9.769999504089355
Nexus5x05	6123093072000	0.3700000047683716	0.7299999594688416	9.769999504089355
Nexus5x05	6123098008000	0.3400000035762787	0.699999988079071	9.779999732971191
Nexus5x05	6123102968000	0.3499999940395355	0.7299999594688416	9.769999504089355
Nexus5x05	6123107960000	0.3999999761581421	0.7400000095367432	9.769999504089355
Nexus5x05	6123112920000	0.3499999940395355	0.7699999809265137	9.769999504089355
Nexus5x05	6123117913000	0.3400000035762787	0.7599999904632568	9.769999504089355
Nexus5x05	6123122873000	0.32999998331069946	0.7400000095367432	9.769999504089355
Nexus5x05	6123127933000	0.3499999940395355	0.7199999690055847	9.769999504089355
Nexus5x05	6123132893000	0.3799999952316284	0.75	9.769999504089355
Nexus5x05	6123138029000	0.3400000035762787	0.7400000095367432	9.769999504089355
Nexus5x05	6123142989000	0.35999998450279236	0.7400000095367432	9.769999504089355
Nexus5x05	6123148178000	0.35999998450279236	0.7400000095367432	9.769999504089355
Nexus5x05	6123153278000	0.35999998450279236	0.7199999690055847	9.769999504089355
Nexus5x05	6123158278000	0.35999998450279236	0.7199999690055847	9.769999504089355
Nexus5x05	6123163368000	0.3700000047683716	0.7299999594688416	9.769999504089355
Nexus5x05	6123168398000	0.3499999940395355	0.75	9.769999504089355
Nexus5x05	6123173338000	0.3499999940395355	0.7599999904632568	9.769999504089355
Nexus5x05	6123178338000	0.3400000035762787	0.7699999809265137	9.769999504089355
Nexus5x05	6123183270000	0.32999998331069946	0.7799999713897705	9.769999504089355
Nexus5x05	6123188270000	0.32999998331069946	0.75	9.769999504089355
Nexus5x05	6123193196000	0.3100000023841858	0.7400000095367432	9.769999504089355
Nexus5x05	6123198196000	0.29999998211860657	0.7199999690055847	9.779999732971191
Nexus5x05	6123203165000	0.3100000023841858	0.7099999785423279	9.779999732971191
Nexus5x05	6123208165000	0.29999998211860657	0.7099999785423279	9.779999732971191
Nexus5x05	6123212993000	0.26999998092651367	0.7400000095367432	9.769999504089355
Nexus5x05	6123217993000	0.2800000011920929	0.7599999904632568	9.769999504089355
Nexus5x05	6123222993000	0.3199999928474426	0.7599999904632568	9.769999504089355
Nexus5x05	6123227896000	0.3199999928474426	0.7599999904632568	9.769999504089355
Nexus5x05	6123232893000	0.3100000023841858	0.75	9.769999504089355
Nexus5x05	6123237893000	0.3199999928474426	0.7299999594688416	9.769999504089355
Nexus5x05	6123242809000	0.28999999165534973	0.699999988079071	9.779999732971191
Nexus5x05	6123247809000	0.2800000011920929	0.7099999785423279	9.779999732971191
Nexus5x05	6123252684000	0.29999998211860657	0.7299999594688416	9.769999504089355
Nexus5x05	6123257684000	0.3100000023841858	0.7400000095367432	9.769999504089355
Nexus5x05	6123262682000	0.3100000023841858	0.7599999904632568	9.769999504089355
Nexus5x05	6123267682000	0.3400000035762787	0.7599999904632568	9.769999504089355
Nexus5x05	6123272656000	0.32999998331069946	0.7400000095367432	9.769999504089355
Nexus5x05	6123277656000	0.3499999940395355	0.7299999594688416	9.769999504089355
Nexus5x05	6123282531000	0.3499999940395355	0.7299999594688416	9.769999504089355
Nexus5x05	6123287531000	0.35999998450279236	0.75	9.769999504089355
Nexus5x05	6123292645000	0.3499999940395355	0.7699999809265137	9.769999504089355
Nexus5x05	6123297645000	0.35999998450279236	0.7899999618530273	9.769999504089355
Nexus5x05	6123302677000	0.3400000035762787	0.7699999809265137	9.769999504089355
Nexus5x05	6123307677000	0.3400000035762787	0.7299999594688416	9.769999504089355
Nexus5x05	6123312679000	0.3400000035762787	0.7099999785423279	9.779999732971191
Nexus5x05	6123317679000	0.3100000023841858	0.6899999976158142	9.779999732971191
Nexus5x05	6123322771000	0.29999998211860657	0.7199999690055847	9.779999732971191
Nexus5x05	6123327771000	0.3100000023841858	0.7400000095367432	9.769999504089355
Nexus5x05	6123332782000	0.29999998211860657	0.75	9.769999504089355
Nexus5x05	6123337782000	0.32999998331069946	0.7699999809265137	9.769999504089355
Nexus5x05	6123342782000	0.3700000047683716	0.7799999713897705	9.769999504089355
Nexus5x05	6123347782000	0.3199999928474426	0.7599999904632568	9.769999504089355
Nexus5x05	6123352780000	0.29999998211860657	0.7199999690055847	9.779999732971191
Nexus5x05	6123357690000	0.3100000023841858	0.7299999594688416	9.769999504089355
Nexus5x05	6123362789000	0.3499999940395355	0.7400000095367432	9.769999504089355
Nexus5x05	6123367789000	0.35999998450279236	0.7199999690055847	9.769999504089355
Nexus5x05	6123372786000	0.3799999952316284	0.7699999809265137	9.769999504089355
Nexus5x05	6123377786000	0.3100000023841858	0.75	9.769999504089355
Nexus5x05	6123382641000	0.29999998211860657	0.75	9.769999504089355
Nexus5x05	6123387641000	0.2800000011920929	0.7400000095367432	9.769999504089355
Nexus5x05	6123392618000	0.29999998211860657	0.7299999594688416	9.779999732971191
Nexus5x05	6123397618000	0.3400000035762787	0.7099999785423279	9.779999732971191
Nexus5x05	6123402518000	0.32999998331069946	0.7299999594688416	9.769999504089355
Nexus5x05	6123407518000	0.3100000023841858	0.7400000095367432	9.769999504089355
Nexus5x05	6123412514000	0.32999998331069946	0.7299999594688416	9.769999504089355
Nexus5x05	6123417474000	0.35999998450279236	0.7799999713897705	9.769999504089355
Nexus5x05	6123422483000	0.35999998450279236	0.7699999809265137	9.769999504089355
Nexus5x05	6123427443000	0.3499999940395355	0.7699999809265137	9.769999504089355
Nexus5x05	6123432484000	0.3499999940395355	0.7599999904632568	9.769999504089355
Nexus5x05	6123437444000	0.3100000023841858	0.7199999690055847	9.769999504089355
Nexus5x05	6123442413000	0.3199999928474426	0.7299999594688416	9.769999504089355
Nexus5x05	6123447373000	0.35999998450279236	0.7299999594688416	9.769999504089355
Nexus5x05	6123452604000	0.3700000047683716	0.7400000095367432	9.769999504089355
Nexus5x05	6123457564000	0.3700000047683716	0.7799999713897705	9.769999504089355
Nexus5x05	6123462729000	0.3400000035762787	0.7400000095367432	9.769999504089355
Nexus5x05	6123467689000	0.3400000035762787	0.7199999690055847	9.769999504089355
Nexus5x05	6123472828000	0.3700000047683716	0.75	9.769999504089355
Nexus5x05	6123477788000	0.3700000047683716	0.7299999594688416	9.769999504089355
Nexus5x05	6123482995000	0.3700000047683716	0.699999988079071	9.779999732971191
Nexus5x05	6123488083000	0.3700000047683716	0.7099999785423279	9.769999504089355
Nexus5x05	6123493083000	0.3499999940395355	0.7199999690055847	9.769999504089355
Nexus5x05	6123498221000	0.3499999940395355	0.7299999594688416	9.769999504089355
Nexus5x05	6123503221000	0.3499999940395355	0.7299999594688416	9.769999504089355
Nexus5x05	6123508154000	0.3100000023841858	0.75	9.769999504089355
Nexus5x05	6123513154000	0.3100000023841858	0.75	9.769999504089355
Nexus5x05	6123518279000	0.32999998331069946	0.7599999904632568	9.769999504089355
Nexus5x05	6123523279000	0.3400000035762787	0.7199999690055847	9.769999504089355
Nexus5x05	6123528294000	0.3400000035762787	0.7199999690055847	9.769999504089355
Nexus5x05	6123533294000	0.32999998331069946	0.7400000095367432	9.769999504089355
Nexus5x05	6123538296000	0.3499999940395355	0.75	9.769999504089355
Nexus5x05	6123543296000	0.3499999940395355	0.75	9.769999504089355
Nexus5x05	6123548297000	0.3199999928474426	0.7400000095367432	9.769999504089355
Nexus5x05	6123553297000	0.3199999928474426	0.7299999594688416	9.769999504089355
Nexus5x05	6123558366000	0.32999998331069946	0.7199999690055847	9.769999504089355
Nexus5x05	6123563314000	0.29999998211860657	0.699999988079071	9.779999732971191
Nexus5x05	6123568296000	0.28999999165534973	0.7099999785423279	9.779999732971191
Nexus5x05	6123573296000	0.2800000011920929	0.7199999690055847	9.779999732971191
Nexus5x05	6123578193000	0.29999998211860657	0.7299999594688416	9.769999504089355
Nexus5x05	6123583193000	0.32999998331069946	0.7599999904632568	9.769999504089355
Nexus5x05	6123588209000	0.3400000035762787	0.75	9.769999504089355
Nexus5x05	6123593209000	0.32999998331069946	0.7400000095367432	9.769999504089355
Nexus5x05	6123598062000	0.3199999928474426	0.7400000095367432	9.769999504089355
Nexus5x05	6123603062000	0.3199999928474426	0.75	9.769999504089355
Nexus5x05	6123607930000	0.3199999928474426	0.75	9.769999504089355
Nexus5x05	6123612930000	0.3499999940395355	0.75	9.769999504089355
Nexus5x05	6123617849000	0.3400000035762787	0.7299999594688416	9.769999504089355
Nexus5x05	6123622805000	0.3499999940395355	0.7400000095367432	9.769999504089355
Nexus5x05	6123627817000	0.3700000047683716	0.75	9.769999504089355
Nexus5x05	6123632817000	0.3499999940395355	0.75	9.769999504089355
Nexus5x05	6123637901000	0.3400000035762787	0.7699999809265137	9.769999504089355
Nexus5x05	6123642901000	0.32999998331069946	0.7699999809265137	9.769999504089355
Nexus5x05	6123647999000	0.3100000023841858	0.7400000095367432	9.769999504089355
Nexus5x05	6123652999000	0.29999998211860657	0.7199999690055847	9.779999732971191
Nexus5x05	6123658095000	0.29999998211860657	0.7199999690055847	9.779999732971191
Nexus5x05	6123663095000	0.3199999928474426	0.7099999785423279	9.779999732971191
Nexus5x05	6123668289000	0.3199999928474426	0.699999988079071	9.779999732971191
Nexus5x05	6123673289000	0.3499999940395355	0.7400000095367432	9.769999504089355
Nexus5x05	6123678357000	0.29999998211860657	0.7199999690055847	9.779999732971191
Nexus5x05	6123683402000	0.29999998211860657	0.7599999904632568	9.769999504089355
Nexus5x05	6123688387000	0.28999999165534973	0.7599999904632568	9.769999504089355
Nexus5x05	6123693387000	0.3199999928474426	0.7199999690055847	9.769999504089355
Nexus5x05	6123698291000	0.3100000023841858	0.7099999785423279	9.779999732971191
Nexus5x05	6123703291000	0.3199999928474426	0.7099999785423279	9.779999732971191
Nexus5x05	6123708287000	0.3100000023841858	0.7099999785423279	9.779999732971191
Nexus5x05	6123713195000	0.3400000035762787	0.7199999690055847	9.769999504089355
Nexus5x05	6123718196000	0.35999998450279236	0.7699999809265137	9.769999504089355
Nexus5x05	6123723196000	0.35999998450279236	0.75	9.769999504089355
Nexus5x05	6123728044000	0.32999998331069946	0.75	9.769999504089355
Nexus5x05	6123733004000	0.32999998331069946	0.7199999690055847	9.769999504089355
Nexus5x05	6123738031000	0.28999999165534973	0.7199999690055847	9.779999732971191
Nexus5x05	6123742991000	0.3100000023841858	0.7199999690055847	9.779999732971191
Nexus5x05	6123748042000	0.3100000023841858	0.7299999594688416	9.769999504089355
Nexus5x05	6123753002000	0.3199999928474426	0.7400000095367432	9.769999504089355
Nexus5x05	6123757973000	0.3400000035762787	0.7599999904632568	9.769999504089355
Nexus5x05	6123762933000	0.3400000035762787	0.7400000095367432	9.769999504089355
Nexus5x05	6123767971000	0.35999998450279236	0.7199999690055847	9.769999504089355
Nexus5x05	6123772931000	0.3700000047683716	0.7299999594688416	9.769999504089355
Nexus5x05	6123777882000	0.3700000047683716	0.7299999594688416	9.769999504089355
Nexus5x05	6123782842000	0.3499999940395355	0.7400000095367432	9.769999504089355
Nexus5x05	6123787883000	0.3499999940395355	0.699999988079071	9.779999732971191
Nexus5x05	6123792843000	0.3700000047683716	0.699999988079071	9.769999504089355
Nexus5x05	6123797901000	0.35999998450279236	0.7099999785423279	9.769999504089355
Nexus5x05	6123802861000	0.3799999952316284	0.7400000095367432	9.769999504089355
Nexus5x05	6123807929000	0.3700000047683716	0.7099999785423279	9.769999504089355
Nexus5x05	6123812889000	0.3700000047683716	0.699999988079071	9.769999504089355
Nexus5x05	6123817760000	0.3499999940395355	0.7099999785423279	9.769999504089355
Nexus5x05	6123822787000	0.3400000035762787	0.699999988079071	9.779999732971191
Nexus5x05	6123827879000	0.35999998450279236	0.699999988079071	9.779999732971191
Nexus5x05	6123832798000	0.3499999940395355	0.7099999785423279	9.769999504089355
Nexus5x05	6123837798000	0.3400000035762787	0.7199999690055847	9.769999504089355
Nexus5x05	6123842801000	0.32999998331069946	0.7299999594688416	9.769999504089355
Nexus5x05	6123847801000	0.3400000035762787	0.75	9.769999504089355
Nexus5x05	6123852707000	0.3499999940395355	0.7599999904632568	9.769999504089355
Nexus5x05	6123857707000	0.3400000035762787	0.7299999594688416	9.769999504089355
Nexus5x05	6123862800000	0.3400000035762787	0.75	9.769999504089355
Nexus5x05	6123867800000	0.3199999928474426	0.75	9.769999504089355
Nexus5x05	6123872603000	0.3199999928474426	0.7400000095367432	9.769999504089355
Nexus5x05	6123877603000	0.3100000023841858	0.7299999594688416	9.769999504089355
Nexus5x05	6123882768000	0.29999998211860657	0.7299999594688416	9.769999504089355
Nexus5x05	6123887768000	0.29999998211860657	0.75	9.769999504089355
Nexus5x05	6123892801000	0.28999999165534973	0.7599999904632568	9.769999504089355
Nexus5x05	6123897801000	0.3100000023841858	0.7599999904632568	9.769999504089355
Nexus5x05	6123902706000	0.32999998331069946	0.75	9.769999504089355
Nexus5x05	6123907706000	0.3499999940395355	0.7699999809265137	9.769999504089355
Nexus5x05	6123912787000	0.3499999940395355	0.7799999713897705	9.769999504089355
Nexus5x05	6123917787000	0.3400000035762787	0.7699999809265137	9.769999504089355
Nexus5x05	6123922781000	0.3400000035762787	0.7599999904632568	9.769999504089355
Nexus5x05	6123927690000	0.29999998211860657	0.7299999594688416	9.769999504089355
Nexus5x05	6123932771000	0.2800000011920929	0.7099999785423279	9.779999732971191
Nexus5x05	6123937771000	0.29999998211860657	0.7299999594688416	9.769999504089355
Nexus5x05	6123942714000	0.3199999928474426	0.7699999809265137	9.769999504089355
Nexus5x05	6123947714000	0.3199999928474426	0.75	9.769999504089355
Nexus5x05	6123952777000	0.3199999928474426	0.7599999904632568	9.769999504089355
Nexus5x05	6123957776000	0.3400000035762787	0.7299999594688416	9.769999504089355
Nexus5x05	6123962557000	0.3700000047683716	0.7299999594688416	9.769999504089355
Nexus5x05	6123967618000	0.3799999952316284	0.7199999690055847	9.769999504089355
Nexus5x05	6123972624000	0.3799999952316284	0.7299999594688416	9.769999504089355
Nexus5x05	6123977719000	0.3199999928474426	0.7400000095367432	9.769999504089355
Nexus5x05	6123982705000	0.32999998331069946	0.7299999594688416	9.769999504089355
Nexus5x05	6123987705000	0.32999998331069946	0.7199999690055847	9.769999504089355
Nexus5x05	6123992889000	0.32999998331069946	0.7400000095367432	9.769999504089355
Nexus5x05	6123997889000	0.3199999928474426	0.75	9.769999504089355
Nexus5x05	6124003124000	0.3400000035762787	0.7599999904632568	9.769999504089355
Nexus5x05	6124008124000	0.3400000035762787	0.7699999809265137	9.769999504089355
Nexus5x05	6124013177000	0.3400000035762787	0.7799999713897705	9.769999504089355
Nexus5x05	6124018177000	0.3199999928474426	0.7599999904632568	9.769999504089355
Nexus5x05	6124023348000	0.29999998211860657	0.699999988079071	9.779999732971191
Nexus5x05	6124028348000	0.29999998211860657	0.7299999594688416	9.779999732971191
Nexus5x05	6124033299000	0.3199999928474426	0.7199999690055847	9.779999732971191
Nexus5x05	6124038299000	0.3199999928474426	0.7199999690055847	9.779999732971191
Nexus5x05	6124043304000	0.28999999165534973	0.7299999594688416	9.769999504089355
Nexus5x05	6124048304000	0.3199999928474426	0.7599999904632568	9.769999504089355
Nexus5x05	6124053291000	0.3700000047683716	0.7299999594688416	9.769999504089355
Nexus5x05	6124058291000	0.38999998569488525	0.7400000095367432	9.769999504089355
Nexus5x05	6124063281000	0.3499999940395355	0.6899999976158142	9.779999732971191
Nexus5x05	6124068241000	0.3400000035762787	0.7299999594688416	9.769999504089355
Nexus5x05	6124073208000	0.3499999940395355	0.7199999690055847	9.769999504089355
Nexus5x05	6124078168000	0.29999998211860657	0.7099999785423279	9.779999732971191
Nexus5x05	6124083141000	0.3400000035762787	0.7400000095367432	9.769999504089355
Nexus5x05	6124088101000	0.35999998450279236	0.75	9.769999504089355
Nexus5x05	6124093205000	0.35999998450279236	0.7599999904632568	9.769999504089355
Nexus5x05	6124098165000	0.3199999928474426	0.7299999594688416	9.769999504089355
Nexus5x05	6124103130000	0.3499999940395355	0.7299999594688416	9.769999504089355
Nexus5x05	6124108090000	0.32999998331069946	0.7599999904632568	9.769999504089355
Nexus5x05	6124113035000	0.32999998331069946	0.7299999594688416	9.769999504089355
Nexus5x05	6124117995000	0.3100000023841858	0.7199999690055847	9.779999732971191
Nexus5x05	6124123016000	0.32999998331069946	0.7400000095367432	9.769999504089355
Nexus5x05	6124127996000	0.3199999928474426	0.7199999690055847	9.779999732971191
Nexus5x05	6124132996000	0.35999998450279236	0.7099999785423279	9.769999504089355
Nexus5x05	6124138065000	0.35999998450279236	0.7199999690055847	9.769999504089355
Nexus5x05	6124143065000	0.32999998331069946	0.7400000095367432	9.769999504089355
Nexus5x05	6124148125000	0.3100000023841858	0.7199999690055847	9.779999732971191
Nexus5x05	6124153125000	0.3100000023841858	0.7199999690055847	9.769999504089355
Nexus5x05	6124158185000	0.3400000035762787	0.75	9.769999504089355
Nexus5x05	6124163187000	0.3199999928474426	0.7699999809265137	9.769999504089355
Nexus5x05	6124168219000	0.3199999928474426	0.75	9.769999504089355
Nexus5x05	6124173219000	0.3199999928474426	0.7299999594688416	9.769999504089355
Nexus5x05	6124178285000	0.3400000035762787	0.7299999594688416	9.769999504089355
Nexus5x05	6124183285000	0.35999998450279236	0.75	9.769999504089355
Nexus5x05	6124188274000	0.3700000047683716	0.7599999904632568	9.769999504089355
Nexus5x05	6124193274000	0.35999998450279236	0.7400000095367432	9.769999504089355
Nexus5x05	6124198185000	0.35999998450279236	0.7299999594688416	9.769999504089355
Nexus5x05	6124203185000	0.3499999940395355	0.75	9.769999504089355
Nexus5x05	6124208241000	0.32999998331069946	0.7299999594688416	9.769999504089355
Nexus5x05	6124213241000	0.32999998331069946	0.7400000095367432	9.769999504089355
Nexus5x05	6124218133000	0.32999998331069946	0.75	9.769999504089355
Nexus5x05	6124223133000	0.32999998331069946	0.7400000095367432	9.769999504089355
Nexus5x05	6124227974000	0.3199999928474426	0.7400000095367432	9.769999504089355
Nexus5x05	6124232974000	0.29999998211860657	0.7400000095367432	9.769999504089355
Nexus5x05	6124238002000	0.28999999165534973	0.7400000095367432	9.769999504089355
Nexus5x05	6124243002000	0.26999998092651367	0.7299999594688416	9.779999732971191
Nexus5x05	6124247999000	0.28999999165534973	0.75	9.769999504089355
Nexus5x05	6124252832000	0.3199999928474426	0.7599999904632568	9.769999504089355
Nexus5x05	6124257859000	0.29999998211860657	0.7599999904632568	9.769999504089355
Nexus5x05	6124262862000	0.3199999928474426	0.7699999809265137	9.769999504089355
Nexus5x05	6124267949000	0.3400000035762787	0.75	9.769999504089355
Nexus5x05	6124272949000	0.3100000023841858	0.7199999690055847	9.769999504089355
Nexus5x05	6124277919000	0.28999999165534973	0.7199999690055847	9.779999732971191
Nexus5x05	6124283025000	0.3400000035762787	0.7699999809265137	9.769999504089355
Nexus5x05	6124287986000	0.3499999940395355	0.7699999809265137	9.769999504089355
Nexus5x05	6124292986000	0.3700000047683716	0.7599999904632568	9.769999504089355
Nexus5x05	6124298140000	0.3700000047683716	0.7400000095367432	9.769999504089355
Nexus5x05	6124303140000	0.35999998450279236	0.7099999785423279	9.769999504089355
Nexus5x05	6124308114000	0.3499999940395355	0.7099999785423279	9.769999504089355
Nexus5x05	6124313114000	0.3400000035762787	0.7099999785423279	9.769999504089355
Nexus5x05	6124318281000	0.3499999940395355	0.7199999690055847	9.769999504089355
Nexus5x05	6124323175000	0.35999998450279236	0.7400000095367432	9.769999504089355
Nexus5x05	6124328175000	0.3100000023841858	0.699999988079071	9.779999732971191
Nexus5x05	6124333175000	0.3199999928474426	0.7199999690055847	9.769999504089355
Nexus5x05	6124338081000	0.28999999165534973	0.699999988079071	9.779999732971191
Nexus5x05	6124343081000	0.28999999165534973	0.6899999976158142	9.779999732971191
Nexus5x05	6124347895000	0.32999998331069946	0.699999988079071	9.779999732971191
Nexus5x05	6124352895000	0.35999998450279236	0.7099999785423279	9.769999504089355
Nexus5x05	6124357829000	0.3799999952316284	0.7099999785423279	9.769999504089355
Nexus5x05	6124362829000	0.32999998331069946	0.699999988079071	9.779999732971191
Nexus5x05	6124367868000	0.3799999952316284	0.7199999690055847	9.769999504089355
Nexus5x05	6124372868000	0.3400000035762787	0.7299999594688416	9.769999504089355
Nexus5x05	6124377579000	0.3199999928474426	0.7299999594688416	9.769999504089355
Nexus5x05	6124382579000	0.35999998450279236	0.7400000095367432	9.769999504089355
Nexus5x05	6124387507000	0.3499999940395355	0.7299999594688416	9.769999504089355
Nexus5x05	6124392507000	0.32999998331069946	0.7199999690055847	9.769999504089355
Nexus5x05	6124397561000	0.29999998211860657	0.7400000095367432	9.769999504089355
Nexus5x05	6124402521000	0.29999998211860657	0.7699999809265137	9.769999504089355
Nexus5x05	6124407656000	0.32999998331069946	0.75	9.769999504089355
Nexus5x05	6124412616000	0.3499999940395355	0.7299999594688416	9.769999504089355
Nexus5x05	6124417845000	0.35999998450279236	0.7299999594688416	9.769999504089355
Nexus5x05	6124422805000	0.35999998450279236	0.75	9.769999504089355
Nexus5x05	6124427878000	0.3199999928474426	0.7599999904632568	9.769999504089355
Nexus5x05	6124432838000	0.3199999928474426	0.7299999594688416	9.769999504089355
Nexus5x05	6124437915000	0.3100000023841858	0.7299999594688416	9.769999504089355
Nexus5x05	6124442875000	0.3100000023841858	0.7400000095367432	9.769999504089355
Nexus5x05	6124448074000	0.3100000023841858	0.7199999690055847	9.779999732971191
Nexus5x05	6124453034000	0.25	0.6899999976158142	9.779999732971191
Nexus5x05	6124458195000	0.28999999165534973	0.7199999690055847	9.779999732971191
Nexus5x05	6124463118000	0.3199999928474426	0.7199999690055847	9.779999732971191
Nexus5x05	6124468114000	0.32999998331069946	0.7199999690055847	9.769999504089355
Nexus5x05	6124473063000	0.35999998450279236	0.75	9.769999504089355
Nexus5x05	6124478063000	0.3499999940395355	0.7599999904632568	9.769999504089355
Nexus5x05	6124483040000	0.3499999940395355	0.7799999713897705	9.769999504089355
Nexus5x05	6124488040000	0.3199999928474426	0.7599999904632568	9.769999504089355
Nexus5x05	6124492915000	0.3400000035762787	0.7400000095367432	9.769999504089355
Nexus5x05	6124497900000	0.3400000035762787	0.7299999594688416	9.769999504089355
Nexus5x05	6124503025000	0.32999998331069946	0.7400000095367432	9.769999504089355
Nexus5x05	6124508031000	0.3400000035762787	0.7299999594688416	9.769999504089355
Nexus5x05	6124513064000	0.32999998331069946	0.7199999690055847	9.769999504089355
Nexus5x05	6124518064000	0.32999998331069946	0.7299999594688416	9.769999504089355
Nexus5x05	6124523128000	0.3400000035762787	0.7199999690055847	9.769999504089355
Nexus5x05	6124528128000	0.3499999940395355	0.7099999785423279	9.769999504089355
Nexus5x05	6124533152000	0.3499999940395355	0.7099999785423279	9.769999504089355
Nexus5x05	6124538152000	0.3499999940395355	0.7099999785423279	9.769999504089355
Nexus5x05	6124543311000	0.32999998331069946	0.7099999785423279	9.779999732971191
Nexus5x05	6124548311000	0.3400000035762787	0.699999988079071	9.779999732971191
Nexus5x05	6124553362000	0.3400000035762787	0.6899999976158142	9.779999732971191
Nexus5x05	6124558362000	0.3100000023841858	0.6800000071525574	9.779999732971191
Nexus5x05	6124563311000	0.29999998211860657	0.6699999570846558	9.779999732971191
Nexus5x05	6124568311000	0.29999998211860657	0.6899999976158142	9.779999732971191
Nexus5x05	6124573272000	0.32999998331069946	0.7099999785423279	9.779999732971191
Nexus5x05	6124578269000	0.3400000035762787	0.7299999594688416	9.769999504089355
Nexus5x05	6124583247000	0.3400000035762787	0.7199999690055847	9.769999504089355
Nexus5x05	6124588247000	0.3400000035762787	0.7199999690055847	9.769999504089355
Nexus5x05	6124593238000	0.35999998450279236	0.7400000095367432	9.769999504089355
Nexus5x05	6124598238000	0.3700000047683716	0.7400000095367432	9.769999504089355
Nexus5x05	6124603181000	0.32999998331069946	0.7299999594688416	9.769999504089355
Nexus5x05	6124608190000	0.3100000023841858	0.7199999690055847	9.779999732971191
Nexus5x05	6124613085000	0.3100000023841858	0.699999988079071	9.779999732971191
Nexus5x05	6124618085000	0.32999998331069946	0.7099999785423279	9.779999732971191
Nexus5x05	6124623141000	0.3499999940395355	0.7299999594688416	9.769999504089355
Nexus5x05	6124628179000	0.3400000035762787	0.7599999904632568	9.769999504089355
Nexus5x05	6124633209000	0.32999998331069946	0.75	9.769999504089355
Nexus5x05	6124638209000	0.3100000023841858	0.7299999594688416	9.769999504089355
Nexus5x05	6124643239000	0.35999998450279236	0.7599999904632568	9.769999504089355
Nexus5x05	6124648250000	0.3700000047683716	0.75	9.769999504089355
Nexus5x05	6124653233000	0.32999998331069946	0.7199999690055847	9.769999504089355
Nexus5x05	6124658233000	0.3700000047683716	0.7400000095367432	9.769999504089355
Nexus5x05	6124663175000	0.3400000035762787	0.7099999785423279	9.769999504089355
Nexus5x05	6124668175000	0.35999998450279236	0.7299999594688416	9.769999504089355
Nexus5x05	6124673213000	0.3700000047683716	0.7099999785423279	9.769999504089355
Nexus5x05	6124678213000	0.3199999928474426	0.7299999594688416	9.769999504089355
Nexus5x05	6124683109000	0.32999998331069946	0.75	9.769999504089355
Nexus5x05	6124688109000	0.3400000035762787	0.75	9.769999504089355
Nexus5x05	6124693031000	0.35999998450279236	0.7599999904632568	9.769999504089355
Nexus5x05	6124698031000	0.3799999952316284	0.75	9.769999504089355
Nexus5x05	6124702999000	0.38999998569488525	0.7400000095367432	9.769999504089355
Nexus5x05	6124707999000	0.3499999940395355	0.7299999594688416	9.769999504089355
Nexus5x05	6124712998000	0.3199999928474426	0.699999988079071	9.779999732971191
Nexus5x05	6124717998000	0.3199999928474426	0.7099999785423279	9.779999732971191
Nexus5x05	6124723052000	0.32999998331069946	0.7400000095367432	9.769999504089355
Nexus5x05	6124728012000	0.3199999928474426	0.75	9.769999504089355
Nexus5x05	6124732949000	0.3400000035762787	0.7699999809265137	9.769999504089355
Nexus5x05	6124737909000	0.28999999165534973	0.75	9.769999504089355
Nexus5x05	6124743012000	0.28999999165534973	0.7599999904632568	9.769999504089355
Nexus5x05	6124747972000	0.32999998331069946	0.75	9.769999504089355
Nexus5x05	6124753142000	0.3499999940395355	0.7400000095367432	9.769999504089355
Nexus5x05	6124758102000	0.3700000047683716	0.7299999594688416	9.769999504089355
