displayname	timestamp	x	y	z
Nexus6x05	1035607224399134	0.0362091064453125	0.0042572021484375	0.0138397216796875
Nexus6x05	1035607227420375	0.0042572021484375	0.0149078369140625	-0.0191650390625
Nexus6x05	1035607230441615	-0.0159759521484375	0.008514404296875	-0.0074462890625
Nexus6x05	1035607233462855	-0.02130126953125	0.0031890869140625	-0.006378173828125
Nexus6x05	1035607236484095	-0.0159759521484375	0.0053253173828125	-0.0010528564453125
Nexus6x05	1035607240085169	-0.008514404296875	-0.0053253173828125	0.0074462890625
Nexus6x05	1035607243960902	-0.022369384765625	-0.0127716064453125	-0.020233154296875
Nexus6x05	1035607248111293	-0.0244903564453125	-0.00958251953125	-0.006378173828125
Nexus6x05	1035607252292201	-0.0266265869140625	-0.0074462890625	-0.0021209716796875
Nexus6x05	1035607256686732	-0.0117034912109375	0.0159759521484375	-0.00958251953125
Nexus6x05	1035607261081263	-0.0394134521484375	-0.0021209716796875	0.0
Nexus6x05	1035607265445277	-0.0074462890625	-0.0127716064453125	0.0053253173828125
Nexus6x05	1035607269839808	-0.0255584716796875	-0.006378173828125	0.006378173828125
Nexus6x05	1035607274234339	-0.0074462890625	-0.006378173828125	-0.0074462890625
Nexus6x05	1035607278628871	-0.02130126953125	0.0074462890625	0.0031890869140625
Nexus6x05	1035607283053919	-0.0191650390625	0.0010528564453125	-0.0127716064453125
Nexus6x05	1035607287509486	-0.02874755859375	-0.010650634765625	-0.0074462890625
Nexus6x05	1035607291934535	-0.02874755859375	-0.0138397216796875	0.0
Nexus6x05	1035607296359584	-0.0255584716796875	0.0031890869140625	-0.0031890869140625
Nexus6x05	1035607300784632	-0.0159759521484375	0.0031890869140625	0.0159759521484375
Nexus6x05	1035607305209681	-0.0244903564453125	-0.0021209716796875	0.0042572021484375
Nexus6x05	1035607309665248	-0.018096923828125	-0.0021209716796875	0.008514404296875
Nexus6x05	1035607314090296	-0.02130126953125	0.0053253173828125	0.0
Nexus6x05	1035607318545863	-0.022369384765625	0.0042572021484375	0.0031890869140625
Nexus6x05	1035607322970912	-0.018096923828125	0.0074462890625	-0.0021209716796875
Nexus6x05	1035607327426478	-0.0074462890625	0.008514404296875	0.0074462890625
Nexus6x05	1035607331851527	-0.0266265869140625	0.0031890869140625	0.0138397216796875
Nexus6x05	1035607336307093	-0.0159759521484375	0.008514404296875	0.0042572021484375
Nexus6x05	1035607340732142	-0.0191650390625	-0.0127716064453125	0.008514404296875
Nexus6x05	1035607345187709	-0.0138397216796875	0.0042572021484375	0.006378173828125
Nexus6x05	1035607349612757	-0.0244903564453125	-0.0031890869140625	0.0010528564453125
Nexus6x05	1035607354068324	-0.018096923828125	0.008514404296875	0.0138397216796875
Nexus6x05	1035607358493373	-0.031951904296875	-0.0031890869140625	0.0021209716796875
Nexus6x05	1035607362948939	-0.031951904296875	0.008514404296875	0.0031890869140625
Nexus6x05	1035607367373988	-0.0191650390625	-0.0021209716796875	-0.0170440673828125
Nexus6x05	1035607371829554	-0.018096923828125	0.0021209716796875	0.0010528564453125
Nexus6x05	1035607376254603	-0.0170440673828125	-0.0117034912109375	0.008514404296875
Nexus6x05	1035607380710169	-0.0308837890625	0.0	-0.0042572021484375
Nexus6x05	1035607385135218	-0.029815673828125	0.0021209716796875	-0.0031890869140625
Nexus6x05	1035607389590785	-0.0266265869140625	-0.0031890869140625	-0.0021209716796875
Nexus6x05	1035607394015834	-0.029815673828125	-0.006378173828125	-0.0031890869140625
Nexus6x05	1035607398471400	-0.0234222412109375	-0.0053253173828125	-0.006378173828125
Nexus6x05	1035607402896449	-0.018096923828125	0.0031890869140625	0.0255584716796875
Nexus6x05	1035607407352015	-0.020233154296875	-0.0010528564453125	0.0149078369140625
Nexus6x05	1035607411777064	-0.018096923828125	0.0031890869140625	-0.008514404296875
Nexus6x05	1035607416232630	-0.02874755859375	-0.006378173828125	0.0021209716796875
Nexus6x05	1035607420657679	-0.0117034912109375	0.0031890869140625	-0.00958251953125
Nexus6x05	1035607425113246	-0.010650634765625	-0.0053253173828125	-0.0021209716796875
Nexus6x05	1035607429538294	-0.0244903564453125	-0.0074462890625	0.0
Nexus6x05	1035607433993861	-0.0255584716796875	0.0074462890625	-0.0138397216796875
Nexus6x05	1035607438418910	-0.0053253173828125	0.018096923828125	0.00958251953125
Nexus6x05	1035607442874476	-0.0170440673828125	-0.0010528564453125	0.0117034912109375
Nexus6x05	1035607447299525	-0.0170440673828125	-0.0042572021484375	-0.0010528564453125
Nexus6x05	1035607451755091	-0.0276947021484375	-0.008514404296875	-0.006378173828125
Nexus6x05	1035607456180140	-0.03302001953125	0.0021209716796875	0.00958251953125
Nexus6x05	1035607460635707	-0.0170440673828125	-0.010650634765625	0.0042572021484375
Nexus6x05	1035607465060755	-0.0276947021484375	0.0021209716796875	0.010650634765625
Nexus6x05	1035607469516322	-0.0127716064453125	-0.006378173828125	-0.0031890869140625
Nexus6x05	1035607473941371	-0.0149078369140625	-0.0053253173828125	0.0
Nexus6x05	1035607478396937	-0.020233154296875	0.008514404296875	0.0
Nexus6x05	1035607482821986	-0.0255584716796875	0.0	0.0138397216796875
Nexus6x05	1035607487277552	-0.0117034912109375	0.0031890869140625	-0.0021209716796875
Nexus6x05	1035607491702601	-0.0117034912109375	-0.010650634765625	-0.0010528564453125
Nexus6x05	1035607496158168	-0.0042572021484375	-0.008514404296875	0.00958251953125
Nexus6x05	1035607500583216	-0.0170440673828125	0.0021209716796875	0.008514404296875
Nexus6x05	1035607505038783	-0.0149078369140625	-0.0010528564453125	0.0149078369140625
Nexus6x05	1035607509463832	-0.0021209716796875	-0.0031890869140625	-0.0031890869140625
Nexus6x05	1035607513919398	-0.031951904296875	0.0053253173828125	-0.006378173828125
Nexus6x05	1035607518344447	-0.020233154296875	0.0074462890625	0.0042572021484375
Nexus6x05	1035607522800013	-0.0138397216796875	-0.008514404296875	-0.0042572021484375
Nexus6x05	1035607527225062	-0.031951904296875	-0.0127716064453125	0.008514404296875
Nexus6x05	1035607531680628	-0.0170440673828125	0.00958251953125	-0.0127716064453125
Nexus6x05	1035607536105677	-0.0149078369140625	-0.0021209716796875	0.0053253173828125
Nexus6x05	1035607540561244	-0.010650634765625	-0.0074462890625	0.0031890869140625
Nexus6x05	1035607544986293	-0.031951904296875	-0.00958251953125	-0.0074462890625
Nexus6x05	1035607549441859	-0.0308837890625	-0.0074462890625	0.0010528564453125
Nexus6x05	1035607553866908	-0.018096923828125	0.0010528564453125	0.0031890869140625
Nexus6x05	1035607558322474	-0.04473876953125	0.0042572021484375	0.0159759521484375
Nexus6x05	1035607562747523	-0.0191650390625	-0.0021209716796875	0.02130126953125
Nexus6x05	1035607567203089	-0.010650634765625	-0.0074462890625	0.0234222412109375
Nexus6x05	1035607571628138	-0.029815673828125	0.0	-0.0117034912109375
Nexus6x05	1035607576083705	-0.006378173828125	0.00958251953125	-0.0021209716796875
Nexus6x05	1035607580508753	-0.02874755859375	-0.0053253173828125	0.0031890869140625
Nexus6x05	1035607584964320	-0.02130126953125	-0.0031890869140625	-0.010650634765625
Nexus6x05	1035607589389369	-0.018096923828125	0.0053253173828125	0.0042572021484375
Nexus6x05	1035607593844935	-0.029815673828125	0.0021209716796875	-0.010650634765625
Nexus6x05	1035607598269984	-0.018096923828125	-0.0053253173828125	0.0149078369140625
Nexus6x05	1035607602725550	-0.020233154296875	0.0042572021484375	-0.0042572021484375
Nexus6x05	1035607607150599	-0.00958251953125	-0.0010528564453125	-0.0074462890625
Nexus6x05	1035607611606166	-0.02130126953125	0.0042572021484375	0.006378173828125
Nexus6x05	1035607616031214	-0.018096923828125	0.0010528564453125	0.0031890869140625
Nexus6x05	1035607620486781	-0.018096923828125	0.0053253173828125	-0.0159759521484375
Nexus6x05	1035607624911830	-0.0170440673828125	-0.0042572021484375	-0.0010528564453125
Nexus6x05	1035607629367396	-0.02874755859375	-0.010650634765625	0.00958251953125
Nexus6x05	1035607633792445	-0.0234222412109375	-0.0042572021484375	0.0031890869140625
Nexus6x05	1035607638248011	-0.034088134765625	-0.0053253173828125	0.0053253173828125
Nexus6x05	1035607642673060	-0.0276947021484375	-0.010650634765625	-0.0074462890625
Nexus6x05	1035607647128627	-0.02874755859375	0.0031890869140625	-0.0010528564453125
Nexus6x05	1035607651553675	-0.0149078369140625	-0.006378173828125	-0.0042572021484375
Nexus6x05	1035607656009242	-0.022369384765625	0.0053253173828125	0.006378173828125
Nexus6x05	1035607660434291	-0.0138397216796875	-0.0021209716796875	-0.0053253173828125
Nexus6x05	1035607664889857	-0.018096923828125	-0.0010528564453125	-0.0010528564453125
Nexus6x05	1035607669314906	-0.0170440673828125	0.0010528564453125	0.020233154296875
Nexus6x05	1035607673770472	-0.018096923828125	-0.0074462890625	0.0021209716796875
Nexus6x05	1035607678195521	-0.0010528564453125	0.0074462890625	0.0
Nexus6x05	1035607682651087	-0.0500640869140625	0.0	0.006378173828125
Nexus6x05	1035607687076136	-0.0159759521484375	0.0010528564453125	-0.0031890869140625
Nexus6x05	1035607691531703	-0.0276947021484375	-0.00958251953125	0.0127716064453125
Nexus6x05	1035607695956752	-0.0191650390625	-0.0042572021484375	-0.0031890869140625
Nexus6x05	1035607700412318	-0.034088134765625	0.0074462890625	0.00958251953125
Nexus6x05	1035607704837367	-0.0362091064453125	0.00958251953125	0.0031890869140625
Nexus6x05	1035607709292933	-0.020233154296875	-0.0010528564453125	0.0117034912109375
Nexus6x05	1035607713717982	-0.022369384765625	-0.0010528564453125	-0.0053253173828125
Nexus6x05	1035607718173548	0.0021209716796875	-0.0170440673828125	-0.0031890869140625
Nexus6x05	1035607722598597	-0.020233154296875	0.0149078369140625	0.0074462890625
Nexus6x05	1035607727054164	-0.04046630859375	0.0031890869140625	0.010650634765625
Nexus6x05	1035607731479212	-0.0255584716796875	0.0031890869140625	-0.0031890869140625
Nexus6x05	1035607735934779	-0.0244903564453125	-0.0010528564453125	0.0042572021484375
Nexus6x05	1035607740359828	-0.04473876953125	-0.0117034912109375	0.0042572021484375
Nexus6x05	1035607744815394	-0.018096923828125	-0.0042572021484375	0.00958251953125
Nexus6x05	1035607749240443	-0.029815673828125	0.0031890869140625	0.006378173828125
Nexus6x05	1035607753696009	-0.0149078369140625	-0.0074462890625	-0.0031890869140625
Nexus6x05	1035607758121058	-0.0127716064453125	-0.0042572021484375	-0.0010528564453125
Nexus6x05	1035607762576625	-0.0255584716796875	-0.0010528564453125	0.0074462890625
Nexus6x05	1035607767001673	-0.0053253173828125	0.0010528564453125	-0.008514404296875
Nexus6x05	1035607771457240	-0.034088134765625	0.0010528564453125	0.006378173828125
Nexus6x05	1035607775882289	-0.0276947021484375	-0.006378173828125	0.0
Nexus6x05	1035607780337855	-0.0276947021484375	-0.0010528564453125	-0.0010528564453125
Nexus6x05	1035607784762904	-0.02130126953125	-0.0021209716796875	-0.0053253173828125
Nexus6x05	1035607789218470	-0.0244903564453125	0.0031890869140625	-0.0021209716796875
Nexus6x05	1035607793643519	-0.0138397216796875	0.0	-0.0021209716796875
Nexus6x05	1035607798099085	-0.0074462890625	-0.0117034912109375	0.0042572021484375
Nexus6x05	1035607802554652	-0.0244903564453125	-0.0010528564453125	0.0053253173828125
Nexus6x05	1035607806979701	-0.02130126953125	0.00958251953125	0.0021209716796875
Nexus6x05	1035607811435267	-0.0266265869140625	0.0042572021484375	0.0031890869140625
Nexus6x05	1035607815860316	-0.022369384765625	-0.0138397216796875	0.0
Nexus6x05	1035607820315882	-0.029815673828125	0.0053253173828125	0.006378173828125
Nexus6x05	1035607824740931	-0.0170440673828125	0.0	0.0021209716796875
Nexus6x05	1035607829196498	-0.0266265869140625	-0.0053253173828125	0.0021209716796875
Nexus6x05	1035607833621546	-0.0074462890625	-0.0170440673828125	-0.0021209716796875
Nexus6x05	1035607838077113	-0.0308837890625	0.006378173828125	-0.0021209716796875
Nexus6x05	1035607842502162	-0.02874755859375	-0.006378173828125	0.0
Nexus6x05	1035607846957728	-0.020233154296875	-0.006378173828125	0.0159759521484375
Nexus6x05	1035607851382777	-0.0074462890625	0.0042572021484375	0.0053253173828125
Nexus6x05	1035607855838343	-0.0308837890625	0.006378173828125	0.0127716064453125
Nexus6x05	1035607860263392	-0.010650634765625	-0.0042572021484375	0.0074462890625
Nexus6x05	1035607864718959	-0.0138397216796875	0.0021209716796875	-0.0042572021484375
Nexus6x05	1035607869144007	-0.0138397216796875	-0.006378173828125	-0.0010528564453125
Nexus6x05	1035607873599574	-0.0042572021484375	0.0042572021484375	-0.0021209716796875
Nexus6x05	1035607878024623	-0.0159759521484375	-0.0021209716796875	0.006378173828125
Nexus6x05	1035607882480189	-0.0308837890625	0.0021209716796875	0.0170440673828125
Nexus6x05	1035607886905238	-0.0276947021484375	0.0170440673828125	0.010650634765625
Nexus6x05	1035607891360804	-0.020233154296875	0.006378173828125	-0.00958251953125
Nexus6x05	1035607895785853	-0.03302001953125	-0.0031890869140625	0.0074462890625
Nexus6x05	1035607900241419	-0.0191650390625	0.010650634765625	0.0053253173828125
Nexus6x05	1035607904666468	-0.018096923828125	-0.0149078369140625	-0.0159759521484375
Nexus6x05	1035607909122035	-0.018096923828125	0.00958251953125	0.0021209716796875
Nexus6x05	1035607913547084	-0.0191650390625	0.0031890869140625	0.0031890869140625
Nexus6x05	1035607918002650	-0.0117034912109375	0.008514404296875	-0.0010528564453125
Nexus6x05	1035607922427699	-0.020233154296875	0.010650634765625	-0.008514404296875
Nexus6x05	1035607926883265	-0.0255584716796875	-0.0117034912109375	-0.020233154296875
Nexus6x05	1035607931308314	-0.02874755859375	-0.0053253173828125	0.0117034912109375
Nexus6x05	1035607935763880	-0.0127716064453125	-0.0021209716796875	-0.0053253173828125
Nexus6x05	1035607940188929	0.0021209716796875	-0.0021209716796875	-0.0042572021484375
Nexus6x05	1035607944644496	-0.0117034912109375	0.0010528564453125	0.0
Nexus6x05	1035607949069544	-0.0138397216796875	0.0021209716796875	-0.0031890869140625
Nexus6x05	1035607953525111	-0.0383453369140625	0.010650634765625	0.010650634765625
Nexus6x05	1035607957950160	-0.02130126953125	0.0074462890625	0.0042572021484375
Nexus6x05	1035607962405726	-0.0394134521484375	-0.0021209716796875	0.0010528564453125
Nexus6x05	1035607966830775	-0.0191650390625	0.0021209716796875	0.0031890869140625
Nexus6x05	1035607971286341	-0.02874755859375	0.0074462890625	0.0074462890625
Nexus6x05	1035607975711390	-0.022369384765625	-0.0074462890625	0.0021209716796875
Nexus6x05	1035607980166957	-0.0127716064453125	0.006378173828125	-0.0010528564453125
Nexus6x05	1035607984592005	-0.010650634765625	-0.006378173828125	0.0
Nexus6x05	1035607989047572	-0.0276947021484375	0.0053253173828125	-0.0010528564453125
Nexus6x05	1035607993472621	-0.010650634765625	0.0021209716796875	0.0053253173828125
Nexus6x05	1035607997928187	-0.0159759521484375	-0.0010528564453125	0.0031890869140625
Nexus6x05	1035608002353236	-0.010650634765625	0.0010528564453125	0.006378173828125
Nexus6x05	1035608006808802	-0.0308837890625	0.0010528564453125	0.008514404296875
Nexus6x05	1035608011233851	-0.0234222412109375	-0.0074462890625	-0.0053253173828125
Nexus6x05	1035608015689418	-0.0191650390625	0.0042572021484375	-0.0042572021484375
Nexus6x05	1035608020114466	-0.02874755859375	-0.0053253173828125	0.0
Nexus6x05	1035608024570033	-0.0266265869140625	0.0	0.0
Nexus6x05	1035608028995082	-0.0234222412109375	0.006378173828125	0.008514404296875
Nexus6x05	1035608033450648	-0.0042572021484375	0.0010528564453125	0.0074462890625
Nexus6x05	1035608037875697	-0.006378173828125	-0.008514404296875	-0.0010528564453125
Nexus6x05	1035608042331263	-0.0053253173828125	0.0170440673828125	-0.0010528564453125
Nexus6x05	1035608046756312	-0.010650634765625	0.006378173828125	-0.0170440673828125
Nexus6x05	1035608051211878	-0.0234222412109375	0.0021209716796875	-0.0042572021484375
Nexus6x05	1035608055636927	-0.0276947021484375	-0.0117034912109375	-0.006378173828125
Nexus6x05	1035608060092494	-0.0234222412109375	0.0021209716796875	-0.0053253173828125
Nexus6x05	1035608064517543	-0.0308837890625	-0.0010528564453125	0.00958251953125
Nexus6x05	1035608068973109	-0.0170440673828125	-0.0010528564453125	0.010650634765625
Nexus6x05	1035608073398158	-0.02130126953125	0.010650634765625	-0.0031890869140625
Nexus6x05	1035608077853724	-0.029815673828125	-0.0031890869140625	0.0042572021484375
Nexus6x05	1035608082278773	-0.0308837890625	0.020233154296875	0.0042572021484375
Nexus6x05	1035608086734339	-0.02130126953125	0.0	0.0021209716796875
Nexus6x05	1035608091159388	-0.0234222412109375	0.006378173828125	-0.008514404296875
Nexus6x05	1035608095614955	-0.0159759521484375	-0.006378173828125	0.0010528564453125
Nexus6x05	1035608100040003	-0.02874755859375	-0.00958251953125	0.010650634765625
Nexus6x05	1035608104495570	-0.0244903564453125	0.00958251953125	0.0010528564453125
Nexus6x05	1035608108920619	-0.02874755859375	-0.008514404296875	0.0031890869140625
Nexus6x05	1035608113376185	-0.02130126953125	0.0053253173828125	-0.0021209716796875
Nexus6x05	1035608117801234	-0.0170440673828125	0.0	-0.0010528564453125
Nexus6x05	1035608122256800	-0.0351409912109375	0.00958251953125	0.00958251953125
Nexus6x05	1035608126681849	-0.02130126953125	-0.0042572021484375	-0.006378173828125
Nexus6x05	1035608131137416	-0.010650634765625	0.0010528564453125	-0.0042572021484375
Nexus6x05	1035608135562464	-0.04473876953125	0.0053253173828125	-0.0117034912109375
Nexus6x05	1035608140018031	-0.0191650390625	-0.0042572021484375	0.0031890869140625
Nexus6x05	1035608144443080	-0.04046630859375	0.0021209716796875	-0.006378173828125
Nexus6x05	1035608148898646	-0.0244903564453125	-0.0021209716796875	0.0053253173828125
Nexus6x05	1035608153323695	-0.02130126953125	-0.006378173828125	0.0053253173828125
Nexus6x05	1035608157779261	-0.006378173828125	-0.0042572021484375	0.0021209716796875
Nexus6x05	1035608162204310	-0.02874755859375	0.0	0.010650634765625
Nexus6x05	1035608166659877	-0.02874755859375	0.0053253173828125	-0.0031890869140625
Nexus6x05	1035608171084925	-0.03302001953125	0.0	0.0
Nexus6x05	1035608175540492	-0.0234222412109375	0.0042572021484375	0.0127716064453125
Nexus6x05	1035608179965541	-0.0255584716796875	-0.006378173828125	-0.0021209716796875
Nexus6x05	1035608184421107	-0.02130126953125	0.0010528564453125	0.0053253173828125
Nexus6x05	1035608188846156	-0.0117034912109375	-0.0074462890625	-0.0010528564453125
Nexus6x05	1035608193301722	-0.031951904296875	0.010650634765625	0.0170440673828125
Nexus6x05	1035608197726771	-0.010650634765625	-0.0074462890625	-0.0053253173828125
Nexus6x05	1035608202182337	-0.00958251953125	-0.010650634765625	0.010650634765625
Nexus6x05	1035608206607386	-0.00958251953125	0.0031890869140625	-0.0021209716796875
Nexus6x05	1035608211062953	-0.020233154296875	0.0021209716796875	0.0127716064453125
Nexus6x05	1035608215488002	-0.010650634765625	-0.0042572021484375	0.0
Nexus6x05	1035608219943568	-0.020233154296875	0.010650634765625	-0.0053253173828125
Nexus6x05	1035608224368617	-0.02130126953125	0.0074462890625	0.0
Nexus6x05	1035608228824183	-0.0244903564453125	-0.0010528564453125	0.0053253173828125
Nexus6x05	1035608233249232	-0.0308837890625	0.008514404296875	0.0170440673828125
Nexus6x05	1035608237704798	-0.0170440673828125	0.0	0.0191650390625
Nexus6x05	1035608242129847	-0.02130126953125	0.0138397216796875	0.0138397216796875
Nexus6x05	1035608246585414	-0.02130126953125	-0.0042572021484375	0.0074462890625
Nexus6x05	1035608251010462	-0.0010528564453125	0.0	0.0053253173828125
Nexus6x05	1035608255466029	-0.0234222412109375	0.0159759521484375	-0.0021209716796875
Nexus6x05	1035608259891078	-0.0308837890625	-0.006378173828125	0.006378173828125
Nexus6x05	1035608264346644	-0.029815673828125	0.00958251953125	0.0
Nexus6x05	1035608268771693	-0.010650634765625	0.0	-0.0021209716796875
Nexus6x05	1035608273227259	-0.0255584716796875	-0.0031890869140625	0.0021209716796875
Nexus6x05	1035608277652308	-0.0255584716796875	-0.0031890869140625	0.0010528564453125
Nexus6x05	1035608282107875	-0.0234222412109375	0.00958251953125	0.0021209716796875
Nexus6x05	1035608286532923	-0.0170440673828125	-0.0031890869140625	0.006378173828125
Nexus6x05	1035608290988490	-0.0117034912109375	-0.006378173828125	-0.006378173828125
Nexus6x05	1035608295413539	-0.0351409912109375	-0.0138397216796875	0.0010528564453125
Nexus6x05	1035608299869105	-0.0372772216796875	0.0021209716796875	0.0010528564453125
Nexus6x05	1035608304294154	-0.0234222412109375	0.0031890869140625	0.0031890869140625
Nexus6x05	1035608308749720	-0.0170440673828125	0.0127716064453125	0.0053253173828125
Nexus6x05	1035608313174769	-0.02130126953125	-0.0031890869140625	0.010650634765625
Nexus6x05	1035608317630335	-0.0127716064453125	-0.00958251953125	0.006378173828125
Nexus6x05	1035608322055384	-0.02130126953125	-0.0074462890625	-0.0010528564453125
Nexus6x05	1035608326510951	-0.0426025390625	0.0031890869140625	0.0010528564453125
Nexus6x05	1035608330936000	-0.0191650390625	0.0021209716796875	0.010650634765625
Nexus6x05	1035608335382494	-0.02130126953125	-0.018096923828125	0.0053253173828125
Nexus6x05	1035608339807543	-0.018096923828125	0.0042572021484375	-0.0042572021484375
Nexus6x05	1035608344263109	-0.0276947021484375	0.0021209716796875	-0.0053253173828125
Nexus6x05	1035608348688158	-0.0159759521484375	-0.0021209716796875	-0.0053253173828125
Nexus6x05	1035608353143724	-0.0159759521484375	0.010650634765625	0.0074462890625
Nexus6x05	1035608357568773	-0.0127716064453125	0.0031890869140625	-0.010650634765625
Nexus6x05	1035608362024340	-0.031951904296875	-0.0021209716796875	-0.0042572021484375
Nexus6x05	1035608366449388	-0.0266265869140625	-0.0074462890625	0.006378173828125
Nexus6x05	1035608370904955	-0.0234222412109375	-0.0042572021484375	0.0138397216796875
Nexus6x05	1035608375330004	-0.0138397216796875	-0.008514404296875	0.0021209716796875
Nexus6x05	1035608379785570	-0.029815673828125	-0.010650634765625	0.00958251953125
Nexus6x05	1035608384210619	-0.010650634765625	-0.0031890869140625	0.006378173828125
Nexus6x05	1035608388666185	-0.00958251953125	-0.0010528564453125	-0.0053253173828125
Nexus6x05	1035608393091234	-0.0149078369140625	-0.0031890869140625	-0.022369384765625
Nexus6x05	1035608397546801	-0.0138397216796875	-0.006378173828125	-0.008514404296875
Nexus6x05	1035608401971849	-0.0266265869140625	0.0	-0.0117034912109375
Nexus6x05	1035608406427416	-0.0117034912109375	-0.008514404296875	-0.006378173828125
Nexus6x05	1035608410852465	-0.00958251953125	0.0010528564453125	0.0031890869140625
Nexus6x05	1035608415308031	-0.0127716064453125	-0.008514404296875	0.0127716064453125
Nexus6x05	1035608419733080	0.0010528564453125	-0.0031890869140625	-0.0010528564453125
Nexus6x05	1035608424188646	-0.0117034912109375	0.006378173828125	-0.0010528564453125
Nexus6x05	1035608428613695	-0.029815673828125	0.0042572021484375	0.0010528564453125
Nexus6x05	1035608433069262	-0.0266265869140625	0.0138397216796875	0.0010528564453125
Nexus6x05	1035608437524828	-0.0191650390625	-0.0117034912109375	-0.0053253173828125
Nexus6x05	1035608441949877	-0.029815673828125	-0.010650634765625	0.0159759521484375
Nexus6x05	1035608446405443	-0.0266265869140625	0.010650634765625	0.0031890869140625
Nexus6x05	1035608450830492	-0.02130126953125	0.0031890869140625	0.0031890869140625
Nexus6x05	1035608455286058	-0.029815673828125	-0.0031890869140625	0.0010528564453125
Nexus6x05	1035608459711107	-0.020233154296875	0.0159759521484375	-0.00958251953125
Nexus6x05	1035608464166674	-0.0159759521484375	0.0010528564453125	-0.0031890869140625
Nexus6x05	1035608468591722	-0.0276947021484375	-0.018096923828125	0.006378173828125
Nexus6x05	1035608473047289	-0.0308837890625	0.0042572021484375	-0.008514404296875
Nexus6x05	1035608477472338	-0.0308837890625	-0.0031890869140625	0.0042572021484375
Nexus6x05	1035608481927904	-0.0127716064453125	-0.0042572021484375	0.0031890869140625
Nexus6x05	1035608486352953	-0.0074462890625	0.0010528564453125	0.0021209716796875
Nexus6x05	1035608490808519	-0.0170440673828125	-0.0042572021484375	0.0031890869140625
Nexus6x05	1035608495233568	-0.0042572021484375	-0.0021209716796875	0.0021209716796875
Nexus6x05	1035608499689135	-0.006378173828125	-0.010650634765625	-0.010650634765625
Nexus6x05	1035608504114183	-0.0255584716796875	0.0021209716796875	0.0138397216796875
Nexus6x05	1035608508569750	-0.0159759521484375	0.0138397216796875	0.0031890869140625
Nexus6x05	1035608512994799	-0.018096923828125	0.0074462890625	0.0138397216796875
Nexus6x05	1035608517450365	-0.0244903564453125	-0.0010528564453125	0.0042572021484375
Nexus6x05	1035608521875414	-0.0255584716796875	-0.0010528564453125	-0.0010528564453125
Nexus6x05	1035608526330980	-0.018096923828125	0.0010528564453125	0.00958251953125
Nexus6x05	1035608530756029	-0.029815673828125	-0.0010528564453125	0.00958251953125
Nexus6x05	1035608535211596	-0.02130126953125	0.0021209716796875	0.0042572021484375
Nexus6x05	1035608539636644	-0.0127716064453125	-0.0010528564453125	0.006378173828125
Nexus6x05	1035608544092211	-0.020233154296875	-0.0053253173828125	0.006378173828125
Nexus6x05	1035608548517260	-0.0170440673828125	0.008514404296875	-0.0010528564453125
Nexus6x05	1035608552972826	-0.008514404296875	0.0021209716796875	-0.0031890869140625
Nexus6x05	1035608557397875	-0.018096923828125	0.0117034912109375	-0.006378173828125
Nexus6x05	1035608561853441	-0.0308837890625	-0.006378173828125	-0.0074462890625
Nexus6x05	1035608566278490	-0.0266265869140625	-0.022369384765625	0.0031890869140625
Nexus6x05	1035608570734056	-0.0149078369140625	-0.0031890869140625	0.010650634765625
Nexus6x05	1035608575159105	-0.0138397216796875	-0.0074462890625	-0.0031890869140625
Nexus6x05	1035608579614672	-0.0383453369140625	-0.0010528564453125	0.0031890869140625
Nexus6x05	1035608584039721	-0.029815673828125	-0.0170440673828125	0.0
Nexus6x05	1035608588495287	-0.0170440673828125	0.0074462890625	0.0031890869140625
Nexus6x05	1035608592920336	-0.0234222412109375	0.006378173828125	-0.0053253173828125
Nexus6x05	1035608597375902	-0.031951904296875	-0.0042572021484375	-0.006378173828125
Nexus6x05	1035608601800951	-0.022369384765625	-0.010650634765625	0.00958251953125
Nexus6x05	1035608606256517	-0.0372772216796875	-0.0031890869140625	0.006378173828125
Nexus6x05	1035608610681566	-0.008514404296875	0.0117034912109375	0.006378173828125
Nexus6x05	1035608615137133	-0.018096923828125	-0.008514404296875	0.0234222412109375
Nexus6x05	1035608619562181	-0.0308837890625	0.010650634765625	0.0053253173828125
Nexus6x05	1035608624017748	-0.0234222412109375	-0.010650634765625	-0.010650634765625
Nexus6x05	1035608628442797	-0.03302001953125	-0.022369384765625	0.0074462890625
Nexus6x05	1035608632898363	-0.00958251953125	0.006378173828125	0.0053253173828125
Nexus6x05	1035608637323412	-0.0149078369140625	-0.0031890869140625	0.0053253173828125
Nexus6x05	1035608641778978	-0.0170440673828125	-0.0149078369140625	-0.0053253173828125
Nexus6x05	1035608646204027	-0.02130126953125	-0.0053253173828125	0.010650634765625
Nexus6x05	1035608650659594	-0.0074462890625	-0.006378173828125	0.0031890869140625
Nexus6x05	1035608655084642	-0.0159759521484375	-0.0042572021484375	0.0117034912109375
Nexus6x05	1035608659540209	-0.0138397216796875	-0.0149078369140625	0.006378173828125
Nexus6x05	1035608663965258	-0.0266265869140625	-0.0149078369140625	0.0127716064453125
Nexus6x05	1035608668420824	-0.006378173828125	0.006378173828125	0.0
Nexus6x05	1035608672845873	-0.034088134765625	-0.008514404296875	0.0053253173828125
Nexus6x05	1035608677301439	-0.0308837890625	0.0191650390625	-0.0074462890625
Nexus6x05	1035608681726488	-0.00958251953125	-0.0031890869140625	0.0031890869140625
Nexus6x05	1035608686182055	-0.0266265869140625	0.0031890869140625	-0.0031890869140625
Nexus6x05	1035608690607103	-0.0159759521484375	-0.018096923828125	0.0042572021484375
Nexus6x05	1035608695062670	-0.0159759521484375	-0.0021209716796875	-0.0021209716796875
Nexus6x05	1035608699487719	-0.0276947021484375	-0.0053253173828125	0.0021209716796875
Nexus6x05	1035608703943285	-0.0372772216796875	-0.0149078369140625	0.006378173828125
Nexus6x05	1035608708368334	-0.018096923828125	-0.010650634765625	0.0
Nexus6x05	1035608712823900	-0.0053253173828125	-0.0138397216796875	-0.0010528564453125
Nexus6x05	1035608717248949	-0.0234222412109375	0.0031890869140625	0.010650634765625
Nexus6x05	1035608721704515	0.0	-0.0010528564453125	0.0010528564453125
Nexus6x05	1035608726129564	-0.0149078369140625	0.0010528564453125	0.0042572021484375
Nexus6x05	1035608730585131	-0.020233154296875	0.0053253173828125	0.0042572021484375
Nexus6x05	1035608735010180	-0.0191650390625	-0.0159759521484375	-0.0021209716796875
Nexus6x05	1035608739465746	-0.034088134765625	0.0031890869140625	0.0010528564453125
Nexus6x05	1035608743890795	-0.02130126953125	-0.0074462890625	0.0138397216796875
Nexus6x05	1035608748346361	-0.0244903564453125	-0.0138397216796875	0.0010528564453125
Nexus6x05	1035608752771410	-0.034088134765625	-0.0031890869140625	0.0117034912109375
Nexus6x05	1035608757226976	0.0010528564453125	-0.0042572021484375	-0.0010528564453125
Nexus6x05	1035608761652025	-0.0255584716796875	-0.0021209716796875	0.0138397216796875
Nexus6x05	1035608766107592	-0.010650634765625	0.0031890869140625	0.0138397216796875
Nexus6x05	1035608770532640	-0.020233154296875	0.0053253173828125	0.0
Nexus6x05	1035608774988207	-0.0234222412109375	-0.010650634765625	0.0
Nexus6x05	1035608779413256	-0.0266265869140625	0.0	0.0010528564453125
Nexus6x05	1035608783868822	-0.0149078369140625	-0.0074462890625	0.0149078369140625
Nexus6x05	1035608788293871	-0.0191650390625	0.0	-0.008514404296875
Nexus6x05	1035608792749437	-0.0191650390625	-0.0127716064453125	0.010650634765625
Nexus6x05	1035608797174486	-0.0191650390625	-0.0127716064453125	-0.0010528564453125
Nexus6x05	1035608801630053	-0.022369384765625	0.0042572021484375	-0.010650634765625
Nexus6x05	1035608806055101	-0.0117034912109375	0.0021209716796875	-0.0031890869140625
Nexus6x05	1035608810510668	-0.0138397216796875	-0.0010528564453125	0.0010528564453125
Nexus6x05	1035608814935717	-0.029815673828125	0.0053253173828125	0.0117034912109375
Nexus6x05	1035608819391283	-0.0117034912109375	-0.0042572021484375	0.020233154296875
Nexus6x05	1035608823816332	-0.0372772216796875	-0.0053253173828125	0.0
Nexus6x05	1035608828271898	-0.010650634765625	-0.006378173828125	0.0042572021484375
Nexus6x05	1035608832696947	-0.0149078369140625	-0.0074462890625	0.018096923828125
Nexus6x05	1035608837152513	-0.03302001953125	-0.0010528564453125	0.0074462890625
Nexus6x05	1035608841577562	-0.02874755859375	0.0021209716796875	0.0021209716796875
Nexus6x05	1035608846033129	-0.0255584716796875	0.0010528564453125	0.0010528564453125
Nexus6x05	1035608850458178	-0.0149078369140625	0.00958251953125	0.0074462890625
Nexus6x05	1035608854913744	-0.0191650390625	-0.0117034912109375	-0.0021209716796875
Nexus6x05	1035608859338793	-0.0159759521484375	0.0031890869140625	-0.0053253173828125
Nexus6x05	1035608863794359	-0.010650634765625	0.006378173828125	-0.0031890869140625
Nexus6x05	1035608868219408	-0.029815673828125	0.0053253173828125	0.0010528564453125
Nexus6x05	1035608872674974	-0.0308837890625	-0.00958251953125	-0.0021209716796875
Nexus6x05	1035608877100023	-0.0362091064453125	-0.0117034912109375	0.0053253173828125
Nexus6x05	1035608881555590	-0.022369384765625	-0.006378173828125	0.006378173828125
Nexus6x05	1035608885980638	-0.018096923828125	0.0021209716796875	-0.0010528564453125
Nexus6x05	1035608890436205	-0.031951904296875	0.0031890869140625	0.0074462890625
Nexus6x05	1035608894861254	-0.0117034912109375	-0.0042572021484375	-0.0010528564453125
Nexus6x05	1035608899316820	-0.0362091064453125	0.0	-0.0010528564453125
Nexus6x05	1035608903741869	-0.0276947021484375	-0.006378173828125	0.0021209716796875
Nexus6x05	1035608908197435	-0.0170440673828125	0.00958251953125	0.0053253173828125
Nexus6x05	1035608912622484	-0.043670654296875	0.0053253173828125	0.0042572021484375
Nexus6x05	1035608917078051	-0.0255584716796875	-0.0021209716796875	0.0021209716796875
Nexus6x05	1035608921503099	-0.0138397216796875	0.0042572021484375	0.0053253173828125
Nexus6x05	1035608925958666	-0.010650634765625	-0.0031890869140625	0.0010528564453125
Nexus6x05	1035608930383715	-0.02130126953125	0.0031890869140625	0.0010528564453125
Nexus6x05	1035608934839281	-0.03302001953125	0.008514404296875	0.0
Nexus6x05	1035608939264330	-0.0351409912109375	-0.008514404296875	-0.010650634765625
Nexus6x05	1035608943719896	-0.0244903564453125	0.0021209716796875	0.0042572021484375
Nexus6x05	1035608948144945	-0.02130126953125	0.0	0.006378173828125
Nexus6x05	1035608952600512	-0.010650634765625	0.0138397216796875	-0.0042572021484375
Nexus6x05	1035608957025560	-0.020233154296875	0.0042572021484375	0.006378173828125
Nexus6x05	1035608961481127	-0.00958251953125	-0.0042572021484375	0.0117034912109375
Nexus6x05	1035608965906176	-0.0276947021484375	-0.010650634765625	0.006378173828125
Nexus6x05	1035608970361742	-0.043670654296875	0.008514404296875	0.0053253173828125
Nexus6x05	1035608974786791	-0.02130126953125	0.0021209716796875	0.0031890869140625
Nexus6x05	1035608979242357	-0.02130126953125	0.0031890869140625	0.0021209716796875
Nexus6x05	1035608983667406	-0.02130126953125	-0.0031890869140625	0.0053253173828125
Nexus6x05	1035608988122972	-0.0276947021484375	-0.010650634765625	0.0053253173828125
Nexus6x05	1035608992548021	-0.0149078369140625	0.0010528564453125	0.00958251953125
Nexus6x05	1035608997003588	-0.0276947021484375	-0.008514404296875	-0.010650634765625
Nexus6x05	1035609001428637	-0.0255584716796875	-0.0042572021484375	0.0127716064453125
Nexus6x05	1035609005884203	-0.022369384765625	-0.0042572021484375	-0.0053253173828125
Nexus6x05	1035609010309252	-0.018096923828125	-0.0149078369140625	0.0159759521484375
Nexus6x05	1035609014764818	-0.0276947021484375	0.0117034912109375	0.0
Nexus6x05	1035609019189867	-0.0127716064453125	-0.008514404296875	0.0021209716796875
Nexus6x05	1035609023645433	-0.010650634765625	0.0	0.006378173828125
Nexus6x05	1035609028070482	-0.0127716064453125	-0.0053253173828125	0.0042572021484375
Nexus6x05	1035609032526049	-0.02130126953125	-0.0117034912109375	0.0
Nexus6x05	1035609036951097	-0.0255584716796875	0.0021209716796875	-0.010650634765625
Nexus6x05	1035609041406664	-0.0234222412109375	0.0010528564453125	0.0021209716796875
Nexus6x05	1035609045831713	-0.0244903564453125	-0.0042572021484375	-0.0042572021484375
Nexus6x05	1035609050287279	-0.010650634765625	-0.00958251953125	-0.006378173828125
Nexus6x05	1035609054712328	-0.018096923828125	-0.0021209716796875	0.0010528564453125
Nexus6x05	1035609059167894	-0.0138397216796875	-0.006378173828125	0.0010528564453125
Nexus6x05	1035609063623461	-0.0266265869140625	-0.0159759521484375	-0.00958251953125
Nexus6x05	1035609068048510	-0.022369384765625	-0.006378173828125	-0.0010528564453125
Nexus6x05	1035609072504076	-0.0191650390625	0.008514404296875	0.0053253173828125
Nexus6x05	1035609076929125	-0.0159759521484375	0.006378173828125	0.0021209716796875
Nexus6x05	1035609081384691	-0.0266265869140625	-0.0031890869140625	0.0117034912109375
Nexus6x05	1035609085809740	-0.02130126953125	0.0021209716796875	-0.0053253173828125
Nexus6x05	1035609090265306	-0.022369384765625	0.0031890869140625	-0.0042572021484375
Nexus6x05	1035609094690355	-0.0138397216796875	0.008514404296875	0.0053253173828125
Nexus6x05	1035609099145922	-0.03302001953125	-0.0127716064453125	0.0031890869140625
Nexus6x05	1035609103570971	-0.0191650390625	0.00958251953125	0.0031890869140625
Nexus6x05	1035609108026537	-0.0117034912109375	-0.0031890869140625	-0.0021209716796875
Nexus6x05	1035609112451586	-0.0255584716796875	-0.006378173828125	-0.008514404296875
Nexus6x05	1035609116907152	-0.02874755859375	0.008514404296875	-0.0042572021484375
Nexus6x05	1035609121332201	-0.0170440673828125	0.0117034912109375	0.0
Nexus6x05	1035609125787767	-0.0138397216796875	0.0031890869140625	0.0053253173828125
Nexus6x05	1035609130212816	-0.031951904296875	-0.008514404296875	-0.0021209716796875
Nexus6x05	1035609134668383	-0.0308837890625	-0.0170440673828125	0.0117034912109375
Nexus6x05	1035609139093431	-0.0127716064453125	0.0053253173828125	0.0031890869140625
Nexus6x05	1035609143548998	-0.0255584716796875	0.0021209716796875	-0.0170440673828125
Nexus6x05	1035609147974047	-0.018096923828125	-0.0021209716796875	-0.006378173828125
Nexus6x05	1035609152429613	-0.006378173828125	0.0138397216796875	0.0117034912109375
Nexus6x05	1035609156854662	-0.022369384765625	-0.0031890869140625	0.0042572021484375
Nexus6x05	1035609161310228	-0.00958251953125	0.0127716064453125	-0.0010528564453125
Nexus6x05	1035609165735277	-0.0244903564453125	-0.0042572021484375	0.008514404296875
Nexus6x05	1035609170190844	-0.0127716064453125	-0.006378173828125	0.0031890869140625
Nexus6x05	1035609174615892	-0.0053253173828125	-0.0191650390625	0.0031890869140625
Nexus6x05	1035609179071459	-0.04473876953125	0.0031890869140625	0.0
Nexus6x05	1035609183496508	-0.0255584716796875	0.008514404296875	0.0042572021484375
Nexus6x05	1035609187952074	-0.0021209716796875	-0.0117034912109375	-0.0053253173828125
Nexus6x05	1035609192377123	-0.0234222412109375	-0.0074462890625	0.00958251953125
Nexus6x05	1035609196832689	-0.02130126953125	-0.0010528564453125	-0.0021209716796875
Nexus6x05	1035609201257738	-0.0372772216796875	0.0	-0.0042572021484375
Nexus6x05	1035609205713305	-0.0234222412109375	-0.0074462890625	0.0159759521484375
Nexus6x05	1035609210138353	-0.0149078369140625	0.008514404296875	0.006378173828125
Nexus6x05	1035609214593920	-0.0149078369140625	-0.008514404296875	0.0053253173828125
Nexus6x05	1035609219018969	-0.0191650390625	0.008514404296875	0.006378173828125
Nexus6x05	1035609223474535	-0.0117034912109375	0.0053253173828125	-0.0042572021484375
Nexus6x05	1035609227899584	-0.0191650390625	0.0	-0.0159759521484375
Nexus6x05	1035609232355150	-0.0244903564453125	-0.0117034912109375	-0.0031890869140625
Nexus6x05	1035609236780199	-0.022369384765625	0.0031890869140625	0.0127716064453125
Nexus6x05	1035609241235765	-0.0138397216796875	0.008514404296875	0.0021209716796875
Nexus6x05	1035609245660814	-0.0266265869140625	0.006378173828125	0.008514404296875
Nexus6x05	1035609250116381	-0.02874755859375	-0.010650634765625	0.0074462890625
Nexus6x05	1035609254541430	-0.022369384765625	0.0031890869140625	0.0053253173828125
Nexus6x05	1035609258996996	-0.04473876953125	-0.0021209716796875	0.0053253173828125
Nexus6x05	1035609263422045	-0.0149078369140625	-0.0159759521484375	0.0149078369140625
Nexus6x05	1035609267877611	-0.0308837890625	0.006378173828125	-0.0021209716796875
Nexus6x05	1035609272302660	-0.0170440673828125	0.00958251953125	-0.006378173828125
Nexus6x05	1035609276758226	-0.0362091064453125	-0.0042572021484375	0.0074462890625
Nexus6x05	1035609281183275	-0.008514404296875	0.010650634765625	0.0021209716796875
Nexus6x05	1035609285638842	-0.0117034912109375	-0.0074462890625	0.0021209716796875
Nexus6x05	1035609290063890	-0.0191650390625	-0.010650634765625	-0.0010528564453125
Nexus6x05	1035609294519457	-0.0234222412109375	-0.0117034912109375	0.0010528564453125
Nexus6x05	1035609298944506	-0.0138397216796875	0.006378173828125	-0.0010528564453125
Nexus6x05	1035609303400072	-0.0117034912109375	0.0053253173828125	-0.0021209716796875
Nexus6x05	1035609307825121	-0.0138397216796875	-0.0031890869140625	0.0010528564453125
Nexus6x05	1035609312280687	-0.006378173828125	-0.0042572021484375	-0.0042572021484375
Nexus6x05	1035609316705736	-0.0138397216796875	-0.008514404296875	0.0127716064453125
Nexus6x05	1035609321161303	-0.0117034912109375	-0.00958251953125	0.0
Nexus6x05	1035609325586351	-0.02874755859375	-0.0010528564453125	0.0053253173828125
Nexus6x05	1035609330041918	-0.0042572021484375	-0.0149078369140625	-0.008514404296875
Nexus6x05	1035609334466967	-0.0255584716796875	0.0010528564453125	-0.0138397216796875
Nexus6x05	1035609338922533	-0.0170440673828125	-0.006378173828125	0.006378173828125
Nexus6x05	1035609343347582	-0.0159759521484375	0.0010528564453125	-0.0042572021484375
Nexus6x05	1035609347803148	-0.0276947021484375	0.010650634765625	-0.0010528564453125
Nexus6x05	1035609352228197	-0.0159759521484375	0.0	0.006378173828125
Nexus6x05	1035609356683763	-0.0234222412109375	0.0021209716796875	-0.00958251953125
Nexus6x05	1035609361108812	-0.0255584716796875	-0.0138397216796875	0.0031890869140625
Nexus6x05	1035609365564379	-0.022369384765625	-0.00958251953125	0.018096923828125
Nexus6x05	1035609369989428	-0.0255584716796875	0.020233154296875	0.008514404296875
Nexus6x05	1035609374444994	-0.02874755859375	0.006378173828125	0.0
Nexus6x05	1035609378870043	-0.029815673828125	0.0010528564453125	0.006378173828125
Nexus6x05	1035609383325609	-0.008514404296875	-0.0031890869140625	-0.0138397216796875
Nexus6x05	1035609387750658	-0.022369384765625	-0.010650634765625	-0.0010528564453125
Nexus6x05	1035609392206224	-0.022369384765625	-0.006378173828125	0.0042572021484375
Nexus6x05	1035609396631273	-0.0244903564453125	0.0	-0.0042572021484375
Nexus6x05	1035609401086840	-0.0074462890625	-0.0170440673828125	0.0042572021484375
Nexus6x05	1035609405511888	-0.020233154296875	0.0010528564453125	0.0021209716796875
Nexus6x05	1035609409967455	-0.0170440673828125	0.0031890869140625	-0.0021209716796875
Nexus6x05	1035609414392504	-0.0276947021484375	-0.0138397216796875	0.0021209716796875
Nexus6x05	1035609418848070	-0.008514404296875	-0.0042572021484375	-0.0021209716796875
Nexus6x05	1035609423273119	-0.006378173828125	-0.006378173828125	0.0
Nexus6x05	1035609427728685	-0.0170440673828125	0.0010528564453125	-0.0117034912109375
Nexus6x05	1035609432153734	-0.008514404296875	0.0	-0.008514404296875
Nexus6x05	1035609436609301	-0.0191650390625	0.0053253173828125	0.0021209716796875
Nexus6x05	1035609441034349	-0.0149078369140625	0.0074462890625	0.0127716064453125
Nexus6x05	1035609445489916	-0.0244903564453125	-0.0021209716796875	0.008514404296875
Nexus6x05	1035609449914965	-0.020233154296875	0.0074462890625	0.008514404296875
Nexus6x05	1035609454370531	-0.0234222412109375	0.0127716064453125	0.0138397216796875
Nexus6x05	1035609458795580	-0.0159759521484375	0.0042572021484375	-0.0010528564453125
Nexus6x05	1035609463251146	-0.0117034912109375	0.006378173828125	0.0074462890625
Nexus6x05	1035609467676195	-0.02130126953125	0.0010528564453125	-0.0010528564453125
Nexus6x05	1035609472131762	-0.0351409912109375	-0.006378173828125	0.0010528564453125
Nexus6x05	1035609476556810	-0.020233154296875	-0.010650634765625	-0.0053253173828125
Nexus6x05	1035609481012377	-0.0244903564453125	-0.0031890869140625	-0.0042572021484375
Nexus6x05	1035609485437426	-0.018096923828125	-0.010650634765625	0.008514404296875
Nexus6x05	1035609489892992	-0.018096923828125	-0.008514404296875	-0.0117034912109375
Nexus6x05	1035609494318041	-0.018096923828125	-0.0042572021484375	0.0010528564453125
Nexus6x05	1035609498773607	-0.0276947021484375	0.008514404296875	0.0117034912109375
Nexus6x05	1035609503198656	-0.010650634765625	-0.0074462890625	0.0074462890625
Nexus6x05	1035609507654222	0.0	-0.00958251953125	-0.0117034912109375
Nexus6x05	1035609512079271	-0.0138397216796875	-0.0117034912109375	-0.0021209716796875
Nexus6x05	1035609516534838	-0.0266265869140625	0.006378173828125	0.010650634765625
Nexus6x05	1035609520959887	-0.0234222412109375	-0.006378173828125	0.0042572021484375
Nexus6x05	1035609525415453	-0.0234222412109375	0.0042572021484375	0.006378173828125
Nexus6x05	1035609529840502	-0.010650634765625	0.00958251953125	0.0031890869140625
Nexus6x05	1035609534296068	-0.020233154296875	-0.006378173828125	-0.0031890869140625
Nexus6x05	1035609538721117	-0.018096923828125	0.0042572021484375	0.0074462890625
Nexus6x05	1035609543176683	-0.008514404296875	-0.010650634765625	0.0117034912109375
Nexus6x05	1035609547601732	-0.0159759521484375	0.0149078369140625	0.0138397216796875
Nexus6x05	1035609552057299	-0.0149078369140625	0.0	0.0
Nexus6x05	1035609556482347	-0.0351409912109375	0.00958251953125	-0.0074462890625
Nexus6x05	1035609560937914	-0.00958251953125	0.0010528564453125	0.0
Nexus6x05	1035609565362963	-0.0074462890625	-0.0138397216796875	-0.0010528564453125
Nexus6x05	1035609569818529	-0.0053253173828125	0.006378173828125	-0.0010528564453125
Nexus6x05	1035609574243578	-0.0266265869140625	0.0021209716796875	-0.010650634765625
Nexus6x05	1035609578699144	-0.029815673828125	-0.0053253173828125	0.0042572021484375
Nexus6x05	1035609583124193	-0.008514404296875	0.0	-0.0117034912109375
Nexus6x05	1035609587579760	-0.03302001953125	-0.0010528564453125	-0.0010528564453125
Nexus6x05	1035609592004808	-0.0074462890625	0.0021209716796875	-0.0138397216796875
Nexus6x05	1035609596460375	-0.0308837890625	0.0031890869140625	0.0
Nexus6x05	1035609600885424	-0.0170440673828125	0.0042572021484375	0.0053253173828125
Nexus6x05	1035609605340990	-0.010650634765625	-0.006378173828125	-0.0010528564453125
Nexus6x05	1035609609766039	-0.0159759521484375	0.0053253173828125	0.0031890869140625
Nexus6x05	1035609614221605	-0.0021209716796875	-0.0031890869140625	0.0074462890625
Nexus6x05	1035609618646654	-0.022369384765625	-0.0053253173828125	-0.0031890869140625
Nexus6x05	1035609623102221	-0.0244903564453125	0.0021209716796875	0.0042572021484375
Nexus6x05	1035609627527269	-0.0191650390625	-0.008514404296875	0.0042572021484375
Nexus6x05	1035609631982836	-0.0138397216796875	-0.0031890869140625	-0.0010528564453125
Nexus6x05	1035609636407885	-0.00958251953125	-0.0117034912109375	-0.0010528564453125
Nexus6x05	1035609640863451	-0.020233154296875	0.008514404296875	0.0
Nexus6x05	1035609645288500	-0.010650634765625	0.0021209716796875	0.0149078369140625
Nexus6x05	1035609649744066	-0.020233154296875	-0.0010528564453125	0.0021209716796875
Nexus6x05	1035609654169115	-0.0170440673828125	0.0010528564453125	-0.0042572021484375
Nexus6x05	1035609658624681	-0.0191650390625	-0.0117034912109375	0.00958251953125
Nexus6x05	1035609663049730	-0.020233154296875	-0.0074462890625	0.0021209716796875
Nexus6x05	1035609667505297	-0.0266265869140625	-0.0053253173828125	0.0
Nexus6x05	1035609671930346	-0.0308837890625	0.0042572021484375	-0.006378173828125
Nexus6x05	1035609676385912	-0.022369384765625	-0.0117034912109375	0.0
Nexus6x05	1035609680810961	-0.0117034912109375	0.0021209716796875	0.0138397216796875
Nexus6x05	1035609685266527	-0.0138397216796875	0.0010528564453125	0.0074462890625
Nexus6x05	1035609689691576	-0.0244903564453125	-0.006378173828125	0.0074462890625
Nexus6x05	1035609694147142	-0.0244903564453125	-0.008514404296875	0.010650634765625
Nexus6x05	1035609698602709	-0.0117034912109375	-0.0138397216796875	0.0074462890625
Nexus6x05	1035609703027758	-0.0138397216796875	0.0021209716796875	0.0
Nexus6x05	1035609707483324	-0.0394134521484375	-0.0074462890625	0.008514404296875
Nexus6x05	1035609711908373	-0.006378173828125	0.0021209716796875	0.0074462890625
Nexus6x05	1035609716363939	-0.02130126953125	-0.0117034912109375	0.0053253173828125
Nexus6x05	1035609720788988	-0.0053253173828125	0.008514404296875	0.0053253173828125
Nexus6x05	1035609725244555	-0.0149078369140625	-0.0159759521484375	0.00958251953125
Nexus6x05	1035609729669603	-0.010650634765625	-0.0021209716796875	0.0074462890625
Nexus6x05	1035609734125170	-0.006378173828125	-0.00958251953125	0.0191650390625
Nexus6x05	1035609738550219	-0.0149078369140625	-0.008514404296875	0.006378173828125
Nexus6x05	1035609743005785	-0.0255584716796875	-0.0127716064453125	0.0255584716796875
Nexus6x05	1035609747430834	-0.0234222412109375	-0.008514404296875	0.0010528564453125
Nexus6x05	1035609751886400	-0.0170440673828125	0.006378173828125	0.008514404296875
Nexus6x05	1035609756311449	-0.018096923828125	0.006378173828125	-0.0010528564453125
Nexus6x05	1035609760767015	-0.0149078369140625	0.008514404296875	-0.0010528564453125
Nexus6x05	1035609765192064	-0.0159759521484375	0.0010528564453125	0.0
Nexus6x05	1035609769647631	-0.034088134765625	0.0053253173828125	0.0170440673828125
Nexus6x05	1035609774072680	-0.0244903564453125	-0.0010528564453125	0.006378173828125
Nexus6x05	1035609778528246	-0.0191650390625	0.006378173828125	-0.0031890869140625
Nexus6x05	1035609782953295	-0.0117034912109375	0.0	0.0138397216796875
Nexus6x05	1035609787408861	-0.0127716064453125	-0.0149078369140625	-0.006378173828125
Nexus6x05	1035609791833910	-0.0255584716796875	0.0	0.0010528564453125
Nexus6x05	1035609796289476	-0.0149078369140625	0.006378173828125	-0.0053253173828125
Nexus6x05	1035609800714525	-0.031951904296875	0.0117034912109375	-0.0042572021484375
Nexus6x05	1035609805170092	-0.0308837890625	-0.0010528564453125	-0.0021209716796875
Nexus6x05	1035609809595140	-0.0117034912109375	-0.0021209716796875	0.0053253173828125
Nexus6x05	1035609814050707	-0.03302001953125	-0.0010528564453125	0.018096923828125
Nexus6x05	1035609818475756	-0.00958251953125	-0.006378173828125	0.0010528564453125
Nexus6x05	1035609822931322	-0.0159759521484375	0.0042572021484375	0.0074462890625
Nexus6x05	1035609827356371	-0.018096923828125	0.0010528564453125	0.00958251953125
Nexus6x05	1035609831811937	-0.018096923828125	-0.0053253173828125	0.0010528564453125
Nexus6x05	1035609836236986	-0.0127716064453125	0.0031890869140625	0.0042572021484375
Nexus6x05	1035609840692553	-0.0191650390625	0.0010528564453125	0.0021209716796875
Nexus6x05	1035609845117601	-0.0255584716796875	-0.0031890869140625	0.00958251953125
Nexus6x05	1035609849573168	-0.02874755859375	0.0010528564453125	0.00958251953125
Nexus6x05	1035609853998217	-0.031951904296875	-0.010650634765625	0.0042572021484375
Nexus6x05	1035609858453783	-0.0170440673828125	0.0074462890625	0.0
Nexus6x05	1035609862878832	-0.020233154296875	0.008514404296875	0.0
Nexus6x05	1035609867334398	-0.0266265869140625	0.0159759521484375	0.0021209716796875
Nexus6x05	1035609871759447	-0.0138397216796875	-0.00958251953125	-0.0031890869140625
Nexus6x05	1035609876215013	-0.0276947021484375	0.0074462890625	0.0149078369140625
Nexus6x05	1035609880640062	-0.0276947021484375	-0.010650634765625	-0.0010528564453125
Nexus6x05	1035609885095629	-0.0276947021484375	0.010650634765625	0.0021209716796875
Nexus6x05	1035609889520678	-0.018096923828125	0.006378173828125	-0.0149078369140625
Nexus6x05	1035609893976244	-0.03302001953125	0.0042572021484375	-0.0010528564453125
Nexus6x05	1035609898401293	-0.010650634765625	-0.008514404296875	0.006378173828125
Nexus6x05	1035609902856859	-0.0255584716796875	0.0074462890625	0.0053253173828125
Nexus6x05	1035609907281908	-0.0255584716796875	-0.0074462890625	0.006378173828125
Nexus6x05	1035609911737474	-0.0149078369140625	0.0021209716796875	0.0021209716796875
Nexus6x05	1035609916162523	-0.0191650390625	0.0031890869140625	-0.0074462890625
Nexus6x05	1035609920618090	-0.0170440673828125	-0.006378173828125	-0.008514404296875
Nexus6x05	1035609925043138	0.006378173828125	0.0	0.0031890869140625
Nexus6x05	1035609929498705	-0.0170440673828125	0.0053253173828125	0.0138397216796875
Nexus6x05	1035609933923754	-0.0244903564453125	-0.0010528564453125	0.006378173828125
Nexus6x05	1035609938379320	-0.031951904296875	0.0031890869140625	-0.0031890869140625
Nexus6x05	1035609942804369	-0.022369384765625	-0.0021209716796875	0.0
Nexus6x05	1035609947259935	-0.0255584716796875	0.0127716064453125	0.0010528564453125
Nexus6x05	1035609951684984	-0.0149078369140625	0.018096923828125	0.02130126953125
Nexus6x05	1035609956140551	-0.0234222412109375	-0.010650634765625	0.0053253173828125
Nexus6x05	1035609960565599	-0.0255584716796875	-0.0021209716796875	-0.0010528564453125
Nexus6x05	1035609965021166	-0.022369384765625	0.0	0.0053253173828125
Nexus6x05	1035609969446215	-0.0276947021484375	0.0138397216796875	-0.0117034912109375
Nexus6x05	1035609973901781	-0.022369384765625	0.0042572021484375	0.006378173828125
Nexus6x05	1035609978326830	-0.0127716064453125	0.010650634765625	0.010650634765625
Nexus6x05	1035609982782396	-0.022369384765625	0.0010528564453125	0.008514404296875
Nexus6x05	1035609987207445	-0.04046630859375	-0.008514404296875	0.0053253173828125
Nexus6x05	1035609991663012	-0.0244903564453125	-0.0031890869140625	-0.00958251953125
Nexus6x05	1035609996088060	-0.022369384765625	-0.0117034912109375	0.00958251953125
Nexus6x05	1035610000543627	-0.0244903564453125	-0.0053253173828125	0.0074462890625
Nexus6x05	1035610004968676	-0.0117034912109375	-0.0010528564453125	-0.0031890869140625
Nexus6x05	1035610009424242	-0.029815673828125	0.006378173828125	0.008514404296875
Nexus6x05	1035610013849291	-0.0255584716796875	0.0031890869140625	-0.0042572021484375
Nexus6x05	1035610018304857	-0.0159759521484375	0.0042572021484375	-0.006378173828125
Nexus6x05	1035610022729906	-0.0149078369140625	-0.0149078369140625	-0.008514404296875
Nexus6x05	1035610027185472	-0.0244903564453125	0.008514404296875	0.0
Nexus6x05	1035610031610521	-0.0149078369140625	-0.0138397216796875	0.0074462890625
Nexus6x05	1035610036066088	-0.0308837890625	-0.0074462890625	0.010650634765625
Nexus6x05	1035610040491137	-0.0159759521484375	-0.0074462890625	0.0
Nexus6x05	1035610044946703	-0.029815673828125	0.0117034912109375	0.0149078369140625
Nexus6x05	1035610049371752	-0.0255584716796875	-0.0127716064453125	0.0010528564453125
Nexus6x05	1035610053827318	-0.029815673828125	-0.0031890869140625	-0.006378173828125
Nexus6x05	1035610058252367	-0.02130126953125	-0.0117034912109375	-0.00958251953125
Nexus6x05	1035610062707933	-0.0127716064453125	0.006378173828125	-0.0117034912109375
Nexus6x05	1035610067132982	-0.022369384765625	0.0010528564453125	0.0021209716796875
Nexus6x05	1035610071588549	-0.020233154296875	-0.0010528564453125	-0.0021209716796875
Nexus6x05	1035610076013597	-0.0266265869140625	-0.0021209716796875	-0.0031890869140625
Nexus6x05	1035610080469164	-0.0234222412109375	-0.0117034912109375	0.0010528564453125
Nexus6x05	1035610084894213	-0.03302001953125	0.00958251953125	0.0042572021484375
Nexus6x05	1035610089349779	-0.0170440673828125	-0.0031890869140625	-0.0053253173828125
Nexus6x05	1035610093774828	-0.02130126953125	-0.0042572021484375	0.0074462890625
Nexus6x05	1035610098230394	-0.020233154296875	0.0010528564453125	0.0021209716796875
Nexus6x05	1035610102655443	-0.0191650390625	0.0053253173828125	0.006378173828125
Nexus6x05	1035610107111010	-0.0159759521484375	-0.0127716064453125	-0.0031890869140625
Nexus6x05	1035610111536058	-0.0276947021484375	-0.0031890869140625	0.0042572021484375
Nexus6x05	1035610115991625	-0.0117034912109375	0.0010528564453125	-0.00958251953125
Nexus6x05	1035610120416674	-0.0255584716796875	0.0	0.0021209716796875
Nexus6x05	1035610124872240	-0.0255584716796875	0.0021209716796875	0.0138397216796875
Nexus6x05	1035610129297289	-0.029815673828125	-0.006378173828125	0.0031890869140625
Nexus6x05	1035610133752855	-0.0170440673828125	-0.006378173828125	-0.010650634765625
Nexus6x05	1035610138177904	-0.0266265869140625	0.00958251953125	0.0117034912109375
Nexus6x05	1035610142633471	-0.0255584716796875	0.0031890869140625	0.0159759521484375
Nexus6x05	1035610147058519	-0.022369384765625	-0.00958251953125	-0.0010528564453125
Nexus6x05	1035610151514086	-0.020233154296875	-0.0031890869140625	0.0010528564453125
Nexus6x05	1035610155939135	-0.0191650390625	0.0021209716796875	-0.0053253173828125
Nexus6x05	1035610160394701	-0.0170440673828125	0.0042572021484375	-0.0010528564453125
Nexus6x05	1035610164819750	-0.0244903564453125	-0.0042572021484375	0.018096923828125
Nexus6x05	1035610169275316	-0.020233154296875	-0.0127716064453125	0.0031890869140625
Nexus6x05	1035610173700365	-0.0170440673828125	0.0031890869140625	-0.0010528564453125
Nexus6x05	1035610178155931	-0.0255584716796875	-0.006378173828125	0.006378173828125
Nexus6x05	1035610182580980	-0.00958251953125	0.0053253173828125	0.006378173828125
Nexus6x05	1035610187036547	-0.0117034912109375	-0.0031890869140625	0.00958251953125
Nexus6x05	1035610191461596	-0.022369384765625	-0.0031890869140625	0.0031890869140625
Nexus6x05	1035610195917162	-0.0308837890625	0.0074462890625	0.0074462890625
Nexus6x05	1035610200342211	-0.0266265869140625	0.0	0.0031890869140625
Nexus6x05	1035610204797777	-0.022369384765625	0.0031890869140625	0.0149078369140625
Nexus6x05	1035610209222826	-0.0159759521484375	0.0	-0.0053253173828125
Nexus6x05	1035610213678392	-0.008514404296875	0.0021209716796875	0.0138397216796875
Nexus6x05	1035610218103441	-0.0191650390625	-0.0021209716796875	-0.0042572021484375
Nexus6x05	1035610222559008	-0.029815673828125	-0.0031890869140625	0.0127716064453125
Nexus6x05	1035610226984056	-0.0351409912109375	0.008514404296875	-0.0053253173828125
Nexus6x05	1035610231439623	-0.008514404296875	0.0010528564453125	0.0
Nexus6x05	1035610235864672	0.0021209716796875	0.0	-0.006378173828125
Nexus6x05	1035610240320238	-0.0244903564453125	0.008514404296875	0.006378173828125
Nexus6x05	1035610244745287	-0.010650634765625	-0.00958251953125	-0.0117034912109375
Nexus6x05	1035610249200853	-0.0351409912109375	0.006378173828125	0.0021209716796875
Nexus6x05	1035610253625902	-0.0244903564453125	0.0053253173828125	0.0074462890625
Nexus6x05	1035610258081469	-0.010650634765625	-0.008514404296875	0.0117034912109375
Nexus6x05	1035610262506517	-0.0127716064453125	-0.0042572021484375	-0.0117034912109375
Nexus6x05	1035610266962084	-0.0255584716796875	0.008514404296875	0.008514404296875
Nexus6x05	1035610271387133	-0.022369384765625	0.0138397216796875	0.0117034912109375
Nexus6x05	1035610275842699	-0.0170440673828125	-0.0170440673828125	-0.0042572021484375
Nexus6x05	1035610280267748	-0.0191650390625	-0.0031890869140625	0.0053253173828125
Nexus6x05	1035610284723314	-0.0266265869140625	-0.010650634765625	0.0042572021484375
Nexus6x05	1035610289148363	-0.00958251953125	-0.006378173828125	0.0031890869140625
Nexus6x05	1035610293603930	-0.0255584716796875	0.0117034912109375	-0.010650634765625
Nexus6x05	1035610298028978	-0.0191650390625	-0.0021209716796875	0.0010528564453125
Nexus6x05	1035610302484545	-0.0127716064453125	-0.00958251953125	-0.0021209716796875
Nexus6x05	1035610306909594	-0.0138397216796875	-0.0031890869140625	0.0021209716796875
Nexus6x05	1035610311365160	-0.0138397216796875	-0.0031890869140625	-0.006378173828125
Nexus6x05	1035610315790209	-0.010650634765625	0.0042572021484375	0.006378173828125
Nexus6x05	1035610320245775	-0.0170440673828125	0.0074462890625	-0.0021209716796875
Nexus6x05	1035610324701342	-0.0191650390625	0.0138397216796875	0.00958251953125
Nexus6x05	1035610329126390	-0.0170440673828125	0.0031890869140625	0.0031890869140625
Nexus6x05	1035610333581957	-0.0117034912109375	0.006378173828125	0.0074462890625
Nexus6x05	1035610338007006	-0.022369384765625	-0.0042572021484375	0.010650634765625
Nexus6x05	1035610342462572	-0.018096923828125	0.0021209716796875	-0.0021209716796875
Nexus6x05	1035610346887621	-0.022369384765625	-0.0010528564453125	0.006378173828125
Nexus6x05	1035610351343187	-0.02874755859375	0.02130126953125	0.0010528564453125
Nexus6x05	1035610355768236	-0.02130126953125	-0.0010528564453125	0.0138397216796875
Nexus6x05	1035610360223803	-0.0191650390625	0.0074462890625	0.0
Nexus6x05	1035610364648851	-0.0255584716796875	0.0010528564453125	-0.006378173828125
Nexus6x05	1035610369104418	-0.02130126953125	-0.0031890869140625	0.0053253173828125
Nexus6x05	1035610373529467	-0.010650634765625	-0.0031890869140625	-0.010650634765625
Nexus6x05	1035610377985033	-0.0074462890625	-0.0127716064453125	-0.0031890869140625
Nexus6x05	1035610382410082	-0.0127716064453125	0.008514404296875	0.010650634765625
Nexus6x05	1035610386865648	-0.0308837890625	-0.0074462890625	0.0042572021484375
Nexus6x05	1035610391290697	-0.0255584716796875	0.0127716064453125	0.0010528564453125
Nexus6x05	1035610395746263	-0.0191650390625	0.0053253173828125	-0.0053253173828125
Nexus6x05	1035610400171312	-0.0234222412109375	0.010650634765625	-0.00958251953125
Nexus6x05	1035610404626879	-0.0372772216796875	-0.0127716064453125	0.0127716064453125
Nexus6x05	1035610409051928	-0.0255584716796875	-0.006378173828125	0.0021209716796875
Nexus6x05	1035610413507494	-0.006378173828125	0.0010528564453125	0.0053253173828125
Nexus6x05	1035610417932543	-0.02130126953125	-0.010650634765625	0.006378173828125
Nexus6x05	1035610422388109	-0.0191650390625	-0.006378173828125	0.0042572021484375
Nexus6x05	1035610426813158	-0.0351409912109375	0.0	0.006378173828125
Nexus6x05	1035610431268724	-0.0362091064453125	-0.0042572021484375	0.0031890869140625
Nexus6x05	1035610435693773	-0.020233154296875	-0.0074462890625	0.0
Nexus6x05	1035610440149340	-0.0244903564453125	0.0138397216796875	-0.0010528564453125
Nexus6x05	1035610444574388	-0.031951904296875	-0.006378173828125	0.006378173828125
Nexus6x05	1035610449029955	-0.02874755859375	0.0127716064453125	-0.006378173828125
Nexus6x05	1035610453455004	-0.0117034912109375	-0.0021209716796875	0.0021209716796875
Nexus6x05	1035610457910570	-0.0276947021484375	0.0031890869140625	-0.0021209716796875
Nexus6x05	1035610462335619	-0.0255584716796875	-0.0074462890625	-0.0042572021484375
Nexus6x05	1035610466791185	-0.02130126953125	-0.006378173828125	0.0053253173828125
Nexus6x05	1035610471216234	-0.0170440673828125	-0.0074462890625	0.010650634765625
Nexus6x05	1035610475671801	-0.0266265869140625	-0.008514404296875	0.0053253173828125
Nexus6x05	1035610480096849	-0.0234222412109375	0.0031890869140625	-0.010650634765625
Nexus6x05	1035610484552416	-0.029815673828125	-0.0031890869140625	0.0010528564453125
Nexus6x05	1035610488977465	-0.0255584716796875	0.0042572021484375	-0.0053253173828125
Nexus6x05	1035610493433031	-0.0170440673828125	0.0010528564453125	0.0010528564453125
Nexus6x05	1035610497858080	-0.0244903564453125	-0.0053253173828125	-0.0010528564453125
Nexus6x05	1035610502313646	-0.0042572021484375	0.0117034912109375	0.0031890869140625
Nexus6x05	1035610506738695	-0.0276947021484375	0.006378173828125	0.006378173828125
Nexus6x05	1035610511194262	-0.02130126953125	-0.00958251953125	-0.0074462890625
Nexus6x05	1035610515619310	-0.0117034912109375	0.0053253173828125	0.0
Nexus6x05	1035610520074877	-0.020233154296875	0.0031890869140625	0.0127716064453125
Nexus6x05	1035610524499926	-0.010650634765625	-0.0021209716796875	0.0053253173828125
Nexus6x05	1035610528955492	-0.022369384765625	-0.008514404296875	0.0053253173828125
Nexus6x05	1035610533380541	-0.020233154296875	0.0042572021484375	0.008514404296875
Nexus6x05	1035610537836107	-0.022369384765625	0.0021209716796875	-0.0117034912109375
Nexus6x05	1035610542261156	-0.020233154296875	-0.008514404296875	-0.0031890869140625
Nexus6x05	1035610546716722	-0.0138397216796875	-0.006378173828125	0.00958251953125
Nexus6x05	1035610551141771	-0.031951904296875	0.0021209716796875	-0.0053253173828125
Nexus6x05	1035610555597338	-0.0127716064453125	-0.0074462890625	0.0053253173828125
Nexus6x05	1035610560022387	-0.0308837890625	-0.008514404296875	0.0042572021484375
Nexus6x05	1035610564477953	-0.022369384765625	-0.008514404296875	-0.0031890869140625
Nexus6x05	1035610568903002	-0.0021209716796875	-0.0074462890625	-0.0010528564453125
Nexus6x05	1035610573358568	-0.0308837890625	-0.0053253173828125	0.008514404296875
Nexus6x05	1035610577783617	-0.0159759521484375	-0.010650634765625	-0.0010528564453125
Nexus6x05	1035610582239183	-0.0170440673828125	-0.0042572021484375	-0.0053253173828125
Nexus6x05	1035610586664232	-0.018096923828125	0.0042572021484375	-0.0010528564453125
Nexus6x05	1035610591119799	-0.0234222412109375	0.0	0.0074462890625
Nexus6x05	1035610595544847	-0.0074462890625	0.006378173828125	0.0042572021484375
Nexus6x05	1035610600000414	-0.0234222412109375	-0.0074462890625	0.008514404296875
Nexus6x05	1035610604425463	-0.02130126953125	0.0053253173828125	-0.0053253173828125
Nexus6x05	1035610608881029	-0.0244903564453125	-0.0074462890625	0.0010528564453125
Nexus6x05	1035610613306078	-0.0266265869140625	-0.0021209716796875	0.0010528564453125
Nexus6x05	1035610617761644	-0.0266265869140625	-0.0149078369140625	0.0127716064453125
Nexus6x05	1035610622186693	-0.0266265869140625	-0.0138397216796875	-0.0042572021484375
Nexus6x05	1035610626642260	-0.020233154296875	-0.020233154296875	0.0
Nexus6x05	1035610631067308	-0.020233154296875	0.006378173828125	0.0138397216796875
Nexus6x05	1035610635522875	-0.0053253173828125	0.0074462890625	0.0031890869140625
Nexus6x05	1035610639947924	-0.0074462890625	0.0	0.0021209716796875
Nexus6x05	1035610644403490	-0.008514404296875	-0.006378173828125	0.0010528564453125
Nexus6x05	1035610648828539	-0.0159759521484375	0.0	-0.0010528564453125
Nexus6x05	1035610653284105	-0.02130126953125	0.0053253173828125	-0.0031890869140625
Nexus6x05	1035610657709154	-0.022369384765625	0.0074462890625	0.0021209716796875
Nexus6x05	1035610662164721	-0.010650634765625	-0.0138397216796875	-0.006378173828125
Nexus6x05	1035610666589769	-0.029815673828125	0.0	-0.0042572021484375
Nexus6x05	1035610671045336	-0.02874755859375	0.0021209716796875	0.0010528564453125
Nexus6x05	1035610675470385	0.0031890869140625	-0.02130126953125	-0.0031890869140625
Nexus6x05	1035610679925951	0.0053253173828125	-0.00958251953125	0.0031890869140625
Nexus6x05	1035610684351000	-0.0042572021484375	-0.022369384765625	0.0021209716796875
Nexus6x05	1035610688806566	-0.010650634765625	0.0010528564453125	0.0042572021484375
Nexus6x05	1035610693231615	-0.02874755859375	0.00958251953125	0.0117034912109375
Nexus6x05	1035610697687181	-0.0266265869140625	-0.0053253173828125	0.0031890869140625
Nexus6x05	1035610702112230	-0.0372772216796875	0.0021209716796875	0.0042572021484375
Nexus6x05	1035610706567797	-0.03302001953125	0.0117034912109375	0.0042572021484375
Nexus6x05	1035610710992846	-0.0276947021484375	-0.0053253173828125	0.008514404296875
Nexus6x05	1035610715448412	-0.018096923828125	0.0031890869140625	-0.006378173828125
Nexus6x05	1035610719873461	-0.006378173828125	-0.0149078369140625	-0.0031890869140625
Nexus6x05	1035610724329027	-0.0138397216796875	-0.0074462890625	0.0042572021484375
Nexus6x05	1035610728754076	-0.0468597412109375	-0.0159759521484375	0.0053253173828125
Nexus6x05	1035610733209642	-0.0244903564453125	0.0127716064453125	0.00958251953125
Nexus6x05	1035610737634691	-0.0159759521484375	0.0010528564453125	0.010650634765625
Nexus6x05	1035610742090258	-0.0149078369140625	-0.0138397216796875	0.0170440673828125
Nexus6x05	1035610746515306	-0.0170440673828125	-0.0127716064453125	-0.006378173828125
Nexus6x05	1035610750970873	-0.0117034912109375	-0.008514404296875	-0.0042572021484375
Nexus6x05	1035610755395922	-0.0149078369140625	0.010650634765625	0.00958251953125
Nexus6x05	1035610759851488	-0.0138397216796875	0.0042572021484375	-0.00958251953125
Nexus6x05	1035610764276537	-0.0117034912109375	-0.0074462890625	0.00958251953125
Nexus6x05	1035610768732103	-0.0127716064453125	0.0042572021484375	0.0117034912109375
Nexus6x05	1035610773157152	-0.0426025390625	0.0010528564453125	0.0
Nexus6x05	1035610777612719	-0.0191650390625	-0.0021209716796875	0.0021209716796875
Nexus6x05	1035610782037767	-0.006378173828125	-0.018096923828125	-0.010650634765625
Nexus6x05	1035610786493334	-0.0170440673828125	-0.0053253173828125	-0.0031890869140625
Nexus6x05	1035610790918383	-0.02874755859375	0.0021209716796875	-0.0031890869140625
Nexus6x05	1035610795373949	-0.008514404296875	-0.0031890869140625	-0.0042572021484375
Nexus6x05	1035610799798998	-0.034088134765625	-0.0053253173828125	0.0074462890625
Nexus6x05	1035610804254564	-0.0308837890625	0.006378173828125	0.018096923828125
Nexus6x05	1035610808679613	-0.0255584716796875	0.008514404296875	0.0159759521484375
Nexus6x05	1035610813135180	-0.0255584716796875	-0.0021209716796875	0.006378173828125
Nexus6x05	1035610817560228	-0.020233154296875	-0.008514404296875	-0.0021209716796875
Nexus6x05	1035610822015795	-0.0266265869140625	-0.0021209716796875	0.006378173828125
Nexus6x05	1035610826440844	-0.008514404296875	-0.0170440673828125	0.008514404296875
Nexus6x05	1035610830896410	-0.02130126953125	-0.006378173828125	0.0
Nexus6x05	1035610835321459	-0.0117034912109375	-0.0053253173828125	-0.0117034912109375
Nexus6x05	1035610839777025	-0.0117034912109375	-0.0053253173828125	0.0074462890625
Nexus6x05	1035610844202074	-0.03302001953125	-0.0031890869140625	0.0
Nexus6x05	1035610848657640	-0.006378173828125	-0.0074462890625	-0.0170440673828125
Nexus6x05	1035610853082689	-0.0138397216796875	0.0031890869140625	0.006378173828125
Nexus6x05	1035610857538256	-0.008514404296875	-0.0042572021484375	0.006378173828125
Nexus6x05	1035610861963305	-0.022369384765625	0.0021209716796875	-0.0042572021484375
Nexus6x05	1035610866418871	-0.0372772216796875	-0.0021209716796875	-0.00958251953125
Nexus6x05	1035610870843920	-0.006378173828125	0.0074462890625	0.0053253173828125
Nexus6x05	1035610875299486	-0.029815673828125	0.0031890869140625	0.0
Nexus6x05	1035610879724535	-0.0234222412109375	-0.008514404296875	0.008514404296875
Nexus6x05	1035610884180101	-0.0138397216796875	0.0	0.0053253173828125
Nexus6x05	1035610888605150	-0.02130126953125	0.006378173828125	0.00958251953125
Nexus6x05	1035610893060717	-0.0191650390625	0.0053253173828125	0.006378173828125
Nexus6x05	1035610897485765	-0.0255584716796875	-0.010650634765625	-0.0053253173828125
Nexus6x05	1035610901941332	-0.008514404296875	-0.0053253173828125	0.0
Nexus6x05	1035610906366381	-0.0138397216796875	0.0010528564453125	-0.0053253173828125
Nexus6x05	1035610910821947	-0.010650634765625	-0.0053253173828125	0.0127716064453125
Nexus6x05	1035610915246996	-0.022369384765625	-0.0053253173828125	0.0021209716796875
Nexus6x05	1035610919702562	-0.0255584716796875	-0.0159759521484375	0.0010528564453125
Nexus6x05	1035610924127611	-0.0138397216796875	-0.0010528564453125	0.0010528564453125
Nexus6x05	1035610928583178	-0.0191650390625	-0.006378173828125	-0.0074462890625
Nexus6x05	1035610933008226	-0.0308837890625	0.0159759521484375	0.0117034912109375
Nexus6x05	1035610937463793	-0.0127716064453125	0.0021209716796875	0.010650634765625
Nexus6x05	1035610941888842	-0.0159759521484375	-0.0042572021484375	-0.006378173828125
Nexus6x05	1035610946344408	-0.0053253173828125	-0.0010528564453125	-0.0021209716796875
Nexus6x05	1035610950799974	-0.0159759521484375	-0.0010528564453125	-0.0117034912109375
Nexus6x05	1035610955225023	-0.020233154296875	0.008514404296875	-0.0053253173828125
Nexus6x05	1035610959680590	-0.00958251953125	-0.0149078369140625	-0.006378173828125
Nexus6x05	1035610964105638	-0.018096923828125	0.0042572021484375	-0.0042572021484375
Nexus6x05	1035610968561205	-0.02130126953125	0.0010528564453125	0.0010528564453125
Nexus6x05	1035610972986254	-0.034088134765625	-0.0138397216796875	0.0074462890625
Nexus6x05	1035610977441820	-0.0138397216796875	0.0031890869140625	0.0
Nexus6x05	1035610981866869	-0.010650634765625	0.0021209716796875	0.0170440673828125
Nexus6x05	1035610986322435	-0.020233154296875	0.0031890869140625	-0.008514404296875
Nexus6x05	1035610990747484	-0.00958251953125	-0.0074462890625	0.0
Nexus6x05	1035610995203051	-0.0149078369140625	0.0074462890625	0.0053253173828125
Nexus6x05	1035610999628099	-0.0170440673828125	0.010650634765625	0.0042572021484375
Nexus6x05	1035611004083666	-0.04046630859375	-0.0127716064453125	-0.00958251953125
Nexus6x05	1035611008508715	-0.020233154296875	-0.0021209716796875	-0.0053253173828125
Nexus6x05	1035611012964281	-0.0149078369140625	-0.0042572021484375	0.0074462890625
Nexus6x05	1035611017389330	-0.0170440673828125	-0.0031890869140625	-0.0031890869140625
Nexus6x05	1035611021844896	-0.0149078369140625	-0.0031890869140625	-0.0031890869140625
Nexus6x05	1035611026269945	-0.02130126953125	0.006378173828125	-0.0074462890625
Nexus6x05	1035611030725512	-0.0276947021484375	-0.0074462890625	-0.0074462890625
Nexus6x05	1035611035150560	-0.0138397216796875	0.020233154296875	0.0117034912109375
Nexus6x05	1035611039606127	-0.0021209716796875	-0.0149078369140625	-0.0010528564453125
Nexus6x05	1035611044031176	-0.0138397216796875	-0.0010528564453125	0.0021209716796875
Nexus6x05	1035611048486742	-0.02874755859375	-0.0031890869140625	0.00958251953125
Nexus6x05	1035611052911791	-0.008514404296875	-0.008514404296875	-0.0053253173828125
Nexus6x05	1035611057367357	-0.020233154296875	0.0042572021484375	0.0042572021484375
Nexus6x05	1035611061792406	-0.0276947021484375	-0.0127716064453125	0.0021209716796875
Nexus6x05	1035611066247972	-0.0266265869140625	0.006378173828125	0.0010528564453125
Nexus6x05	1035611070673021	-0.0351409912109375	0.0021209716796875	-0.0053253173828125
Nexus6x05	1035611075128588	-0.020233154296875	-0.0010528564453125	-0.0042572021484375
Nexus6x05	1035611079553637	-0.0234222412109375	-0.0042572021484375	-0.0053253173828125
Nexus6x05	1035611084009203	-0.0117034912109375	-0.00958251953125	0.0053253173828125
Nexus6x05	1035611088434252	0.0010528564453125	0.0021209716796875	-0.0042572021484375
Nexus6x05	1035611092889818	-0.0159759521484375	-0.0031890869140625	0.0042572021484375
Nexus6x05	1035611097314867	-0.00958251953125	0.0053253173828125	0.010650634765625
Nexus6x05	1035611101770433	-0.0149078369140625	0.0021209716796875	0.0074462890625
Nexus6x05	1035611106195482	-0.0149078369140625	-0.0159759521484375	-0.0021209716796875
Nexus6x05	1035611110651049	-0.0170440673828125	0.0053253173828125	0.0
Nexus6x05	1035611115076097	-0.034088134765625	0.008514404296875	-0.0031890869140625
Nexus6x05	1035611119531664	-0.0149078369140625	-0.0053253173828125	0.00958251953125
Nexus6x05	1035611123956713	-0.0074462890625	-0.0053253173828125	0.0031890869140625
Nexus6x05	1035611128412279	-0.022369384765625	0.0053253173828125	-0.0074462890625
Nexus6x05	1035611132837328	-0.0170440673828125	0.0074462890625	0.018096923828125
Nexus6x05	1035611137292894	-0.010650634765625	-0.008514404296875	0.006378173828125
Nexus6x05	1035611141717943	-0.0191650390625	0.0	0.0138397216796875
Nexus6x05	1035611146173510	-0.0191650390625	-0.0021209716796875	0.0159759521484375
Nexus6x05	1035611150598558	-0.031951904296875	-0.0010528564453125	0.0010528564453125
Nexus6x05	1035611155054125	-0.0351409912109375	-0.010650634765625	0.0042572021484375
Nexus6x05	1035611159479174	-0.018096923828125	0.0042572021484375	0.0053253173828125
Nexus6x05	1035611163934740	-0.0308837890625	-0.0021209716796875	0.0149078369140625
Nexus6x05	1035611168359789	-0.010650634765625	0.0031890869140625	-0.006378173828125
Nexus6x05	1035611172815355	-0.022369384765625	0.0021209716796875	-0.010650634765625
Nexus6x05	1035611177240404	-0.018096923828125	-0.0042572021484375	-0.0021209716796875
Nexus6x05	1035611181695971	-0.043670654296875	0.0159759521484375	-0.0031890869140625
Nexus6x05	1035611186121019	-0.031951904296875	-0.008514404296875	0.010650634765625
Nexus6x05	1035611190576586	-0.00958251953125	-0.008514404296875	-0.00958251953125
Nexus6x05	1035611195001635	-0.0191650390625	-0.00958251953125	-0.0010528564453125
Nexus6x05	1035611199457201	-0.0127716064453125	0.0	0.0042572021484375
Nexus6x05	1035611203882250	-0.010650634765625	-0.0053253173828125	-0.0021209716796875
Nexus6x05	1035611208337816	-0.0010528564453125	0.0074462890625	-0.0010528564453125
Nexus6x05	1035611212762865	-0.0021209716796875	0.0053253173828125	-0.0074462890625
Nexus6x05	1035611217218431	-0.0351409912109375	-0.0042572021484375	0.00958251953125
Nexus6x05	1035611221643480	-0.0159759521484375	-0.010650634765625	-0.0010528564453125
Nexus6x05	1035611226099047	-0.029815673828125	0.0053253173828125	0.0074462890625
Nexus6x05	1035611230524096	-0.018096923828125	-0.0042572021484375	-0.0042572021484375
Nexus6x05	1035611234979662	-0.02130126953125	0.00958251953125	-0.008514404296875
Nexus6x05	1035611239404711	-0.0244903564453125	0.0	-0.0010528564453125
Nexus6x05	1035611243860277	-0.0244903564453125	-0.0042572021484375	-0.0031890869140625
Nexus6x05	1035611248285326	-0.010650634765625	-0.0031890869140625	0.0031890869140625
Nexus6x05	1035611252740892	-0.022369384765625	-0.0031890869140625	0.0053253173828125
Nexus6x05	1035611257165941	-0.020233154296875	0.0021209716796875	-0.006378173828125
Nexus6x05	1035611261621508	-0.018096923828125	0.0117034912109375	0.0053253173828125
Nexus6x05	1035611266046556	-0.0255584716796875	-0.00958251953125	0.0
Nexus6x05	1035611270502123	-0.0042572021484375	-0.006378173828125	0.0031890869140625
Nexus6x05	1035611274927172	-0.0383453369140625	0.0031890869140625	0.0010528564453125
Nexus6x05	1035611279382738	-0.031951904296875	-0.006378173828125	0.0042572021484375
Nexus6x05	1035611283807787	-0.0372772216796875	-0.0010528564453125	0.006378173828125
Nexus6x05	1035611288263353	-0.0255584716796875	-0.00958251953125	0.00958251953125
Nexus6x05	1035611292688402	-0.03302001953125	0.00958251953125	-0.0021209716796875
Nexus6x05	1035611297143969	-0.018096923828125	-0.00958251953125	0.0053253173828125
Nexus6x05	1035611301569017	-0.0138397216796875	0.006378173828125	0.0
Nexus6x05	1035611306024584	-0.0170440673828125	-0.00958251953125	0.0021209716796875
Nexus6x05	1035611310449633	-0.0266265869140625	0.0149078369140625	-0.0021209716796875
Nexus6x05	1035611314905199	-0.018096923828125	-0.006378173828125	0.0021209716796875
Nexus6x05	1035611319330248	-0.0170440673828125	-0.00958251953125	-0.0031890869140625
Nexus6x05	1035611323785814	-0.0053253173828125	-0.0053253173828125	0.008514404296875
Nexus6x05	1035611328210863	-0.0138397216796875	-0.0149078369140625	0.0010528564453125
Nexus6x05	1035611332666430	-0.0127716064453125	-0.006378173828125	0.00958251953125
Nexus6x05	1035611337091478	-0.0138397216796875	-0.0010528564453125	0.0138397216796875
Nexus6x05	1035611341547045	-0.0149078369140625	-0.0074462890625	0.0031890869140625
Nexus6x05	1035611345972094	-0.0244903564453125	-0.0021209716796875	0.018096923828125
Nexus6x05	1035611350427660	-0.010650634765625	0.0031890869140625	0.0074462890625
Nexus6x05	1035611354852709	-0.0234222412109375	-0.0021209716796875	0.0042572021484375
Nexus6x05	1035611359308275	-0.0127716064453125	-0.008514404296875	0.0138397216796875
Nexus6x05	1035611363733324	-0.02874755859375	-0.010650634765625	0.010650634765625
Nexus6x05	1035611368188890	-0.020233154296875	-0.0021209716796875	-0.006378173828125
Nexus6x05	1035611372613939	-0.0244903564453125	0.0042572021484375	0.0149078369140625
Nexus6x05	1035611377069506	-0.0308837890625	-0.0021209716796875	0.0
Nexus6x05	1035611381494555	-0.006378173828125	-0.0021209716796875	-0.0021209716796875
Nexus6x05	1035611385950121	-0.0159759521484375	-0.0053253173828125	0.0
Nexus6x05	1035611390375170	-0.0276947021484375	0.0053253173828125	-0.0074462890625
Nexus6x05	1035611394830736	-0.022369384765625	-0.008514404296875	-0.0021209716796875
Nexus6x05	1035611399255785	-0.00958251953125	-0.0074462890625	0.0
Nexus6x05	1035611403711351	-0.0255584716796875	-0.0010528564453125	-0.0117034912109375
Nexus6x05	1035611408136400	-0.018096923828125	-0.0042572021484375	-0.0021209716796875
Nexus6x05	1035611412591967	-0.0244903564453125	-0.0117034912109375	-0.0010528564453125
Nexus6x05	1035611417017015	-0.02130126953125	0.006378173828125	0.008514404296875
Nexus6x05	1035611421472582	-0.0244903564453125	0.0074462890625	-0.006378173828125
Nexus6x05	1035611425897631	-0.0191650390625	-0.018096923828125	0.0
Nexus6x05	1035611430353197	-0.0138397216796875	0.0	-0.0010528564453125
Nexus6x05	1035611434778246	-0.0234222412109375	-0.0042572021484375	0.0170440673828125
Nexus6x05	1035611439233812	-0.006378173828125	-0.008514404296875	0.0042572021484375
Nexus6x05	1035611443658861	-0.018096923828125	0.0010528564453125	0.0053253173828125
Nexus6x05	1035611448114428	-0.0276947021484375	-0.0053253173828125	-0.00958251953125
Nexus6x05	1035611452539476	-0.0074462890625	-0.008514404296875	-0.0010528564453125
Nexus6x05	1035611456995043	-0.0191650390625	-0.006378173828125	-0.0021209716796875
Nexus6x05	1035611461420092	-0.0127716064453125	0.006378173828125	0.0053253173828125
Nexus6x05	1035611465875658	-0.0127716064453125	0.0138397216796875	0.0021209716796875
Nexus6x05	1035611470300707	-0.022369384765625	0.0074462890625	-0.0031890869140625
Nexus6x05	1035611474756273	-0.0383453369140625	-0.0010528564453125	-0.0053253173828125
Nexus6x05	1035611479181322	-0.0234222412109375	0.0053253173828125	0.0031890869140625
Nexus6x05	1035611483636888	-0.02874755859375	0.0053253173828125	0.006378173828125
Nexus6x05	1035611488061937	-0.0170440673828125	-0.0010528564453125	-0.008514404296875
Nexus6x05	1035611492517504	-0.0117034912109375	0.0	0.0021209716796875
Nexus6x05	1035611496942553	-0.022369384765625	0.0053253173828125	0.0021209716796875
Nexus6x05	1035611501398119	-0.0149078369140625	0.0117034912109375	-0.0010528564453125
Nexus6x05	1035611505823168	-0.02874755859375	0.0074462890625	-0.0053253173828125
Nexus6x05	1035611510278734	-0.020233154296875	0.006378173828125	-0.0031890869140625
Nexus6x05	1035611514703783	-0.0234222412109375	-0.0074462890625	-0.0117034912109375
Nexus6x05	1035611519159349	-0.029815673828125	0.0053253173828125	0.010650634765625
Nexus6x05	1035611523584398	-0.0170440673828125	-0.0042572021484375	-0.0117034912109375
Nexus6x05	1035611528039965	-0.0234222412109375	0.0	0.0021209716796875
Nexus6x05	1035611532465013	-0.018096923828125	-0.0031890869140625	0.0149078369140625
Nexus6x05	1035611536920580	-0.022369384765625	0.0117034912109375	0.0074462890625
Nexus6x05	1035611541345629	-0.0234222412109375	0.0117034912109375	0.0053253173828125
Nexus6x05	1035611545801195	-0.0149078369140625	-0.0159759521484375	0.0127716064453125
Nexus6x05	1035611550226244	-0.006378173828125	0.0	0.0170440673828125
Nexus6x05	1035611554681810	-0.0053253173828125	0.008514404296875	-0.0031890869140625
Nexus6x05	1035611559106859	-0.0244903564453125	-0.006378173828125	0.008514404296875
Nexus6x05	1035611563562426	-0.0170440673828125	-0.0159759521484375	0.0021209716796875
Nexus6x05	1035611567987474	-0.0127716064453125	-0.0117034912109375	0.00958251953125
Nexus6x05	1035611572443041	-0.010650634765625	-0.0031890869140625	-0.0042572021484375
Nexus6x05	1035611576868090	-0.018096923828125	0.0074462890625	0.020233154296875
Nexus6x05	1035611581323656	-0.0234222412109375	0.0010528564453125	0.0021209716796875
Nexus6x05	1035611585779222	-0.0266265869140625	-0.010650634765625	-0.0021209716796875
Nexus6x05	1035611590204271	-0.0138397216796875	-0.0074462890625	-0.0031890869140625
Nexus6x05	1035611594659838	-0.029815673828125	0.0074462890625	0.0127716064453125
Nexus6x05	1035611599084887	-0.0244903564453125	-0.018096923828125	-0.008514404296875
Nexus6x05	1035611603540453	-0.020233154296875	-0.010650634765625	-0.0031890869140625
Nexus6x05	1035611607965502	-0.0042572021484375	-0.008514404296875	0.0117034912109375
Nexus6x05	1035611612421068	-0.0244903564453125	-0.0031890869140625	0.006378173828125
Nexus6x05	1035611616846117	-0.0191650390625	0.0042572021484375	-0.008514404296875
Nexus6x05	1035611621301683	-0.0053253173828125	-0.0042572021484375	0.0031890869140625
Nexus6x05	1035611625726732	-0.02130126953125	0.0	0.008514404296875
Nexus6x05	1035611630182299	-0.02130126953125	-0.0010528564453125	-0.0021209716796875
Nexus6x05	1035611634607347	-0.0159759521484375	-0.006378173828125	0.0053253173828125
Nexus6x05	1035611639062914	-0.0149078369140625	-0.0031890869140625	0.010650634765625
Nexus6x05	1035611643487963	-0.0170440673828125	-0.018096923828125	-0.0031890869140625
Nexus6x05	1035611647943529	-0.0159759521484375	-0.0170440673828125	-0.006378173828125
Nexus6x05	1035611652368578	-0.0234222412109375	0.0074462890625	0.0074462890625
Nexus6x05	1035611656824144	-0.020233154296875	-0.0053253173828125	0.0042572021484375
Nexus6x05	1035611661249193	-0.0276947021484375	0.010650634765625	-0.0010528564453125
Nexus6x05	1035611665704760	-0.00958251953125	0.0021209716796875	-0.0042572021484375
Nexus6x05	1035611670129808	-0.0191650390625	-0.00958251953125	0.0010528564453125
Nexus6x05	1035611674585375	-0.0276947021484375	-0.0127716064453125	0.0031890869140625
Nexus6x05	1035611679010424	-0.0170440673828125	0.00958251953125	0.0117034912109375
Nexus6x05	1035611683465990	-0.0138397216796875	-0.0117034912109375	0.0074462890625
Nexus6x05	1035611687891039	-0.0426025390625	-0.0042572021484375	0.0074462890625
Nexus6x05	1035611692346605	-0.0266265869140625	0.0117034912109375	0.006378173828125
Nexus6x05	1035611696771654	-0.0021209716796875	0.0010528564453125	0.0053253173828125
Nexus6x05	1035611701227221	-0.008514404296875	-0.020233154296875	-0.0010528564453125
Nexus6x05	1035611705652269	-0.0159759521484375	-0.0031890869140625	-0.0053253173828125
Nexus6x05	1035611710107836	-0.0127716064453125	0.0127716064453125	-0.00958251953125
Nexus6x05	1035611714532885	-0.0234222412109375	0.006378173828125	0.0010528564453125
Nexus6x05	1035611718988451	-0.0191650390625	-0.008514404296875	0.0042572021484375
Nexus6x05	1035611723413500	-0.018096923828125	-0.006378173828125	0.00958251953125
Nexus6x05	1035611727869066	-0.00958251953125	-0.0074462890625	-0.0031890869140625
Nexus6x05	1035611732294115	-0.0138397216796875	-0.0266265869140625	-0.0117034912109375
Nexus6x05	1035611736749681	-0.0117034912109375	-0.0053253173828125	0.0021209716796875
Nexus6x05	1035611741174730	-0.0170440673828125	0.00958251953125	0.010650634765625
Nexus6x05	1035611745630297	-0.0149078369140625	0.008514404296875	-0.0031890869140625
Nexus6x05	1035611750055346	-0.02130126953125	-0.0031890869140625	-0.0021209716796875
Nexus6x05	1035611754510912	-0.0117034912109375	0.0031890869140625	0.0
Nexus6x05	1035611758935961	-0.0138397216796875	-0.0159759521484375	0.008514404296875
Nexus6x05	1035611763391527	-0.00958251953125	0.0	0.0042572021484375
Nexus6x05	1035611767816576	-0.022369384765625	0.0117034912109375	0.008514404296875
Nexus6x05	1035611772272142	-0.022369384765625	0.008514404296875	0.0074462890625
Nexus6x05	1035611776697191	-0.0159759521484375	-0.0021209716796875	-0.006378173828125
Nexus6x05	1035611781152758	-0.0138397216796875	-0.0031890869140625	0.0053253173828125
Nexus6x05	1035611785577806	-0.0127716064453125	0.0031890869140625	0.00958251953125
Nexus6x05	1035611790033373	-0.020233154296875	-0.008514404296875	0.0
Nexus6x05	1035611794458422	-0.02130126953125	-0.0031890869140625	0.0031890869140625
Nexus6x05	1035611798913988	-0.020233154296875	0.0010528564453125	0.0138397216796875
Nexus6x05	1035611803339037	-0.0127716064453125	0.0021209716796875	-0.0042572021484375
Nexus6x05	1035611807794603	-0.0276947021484375	-0.0042572021484375	0.0138397216796875
Nexus6x05	1035611812219652	-0.0234222412109375	0.006378173828125	0.0255584716796875
Nexus6x05	1035611816675219	-0.010650634765625	-0.0074462890625	0.00958251953125
Nexus6x05	1035611821100267	-0.02130126953125	-0.0010528564453125	0.0010528564453125
Nexus6x05	1035611825555834	-0.0244903564453125	-0.0042572021484375	0.0117034912109375
Nexus6x05	1035611829980883	-0.022369384765625	-0.0053253173828125	0.0
Nexus6x05	1035611834436449	-0.018096923828125	-0.0042572021484375	0.008514404296875
Nexus6x05	1035611838861498	-0.0138397216796875	-0.0074462890625	0.0042572021484375
Nexus6x05	1035611843317064	-0.0159759521484375	0.0	0.0
Nexus6x05	1035611847742113	-0.0170440673828125	-0.0127716064453125	0.02874755859375
Nexus6x05	1035611852197680	-0.0170440673828125	0.0	-0.0021209716796875
Nexus6x05	1035611856622728	-0.0255584716796875	0.0021209716796875	-0.0021209716796875
Nexus6x05	1035611861078295	-0.018096923828125	-0.006378173828125	0.010650634765625
Nexus6x05	1035611865503344	-0.031951904296875	-0.006378173828125	0.0021209716796875
Nexus6x05	1035611869958910	-0.03302001953125	-0.0074462890625	0.0074462890625
Nexus6x05	1035611874383959	-0.022369384765625	-0.0117034912109375	0.0
Nexus6x05	1035611878839525	-0.018096923828125	0.0010528564453125	-0.00958251953125
Nexus6x05	1035611883264574	-0.0266265869140625	-0.010650634765625	0.0010528564453125
Nexus6x05	1035611887720140	-0.006378173828125	-0.0042572021484375	-0.0042572021484375
Nexus6x05	1035611892145189	-0.0159759521484375	0.0074462890625	0.0138397216796875
Nexus6x05	1035611896600756	-0.0117034912109375	-0.0042572021484375	-0.006378173828125
Nexus6x05	1035611901025805	-0.0191650390625	0.008514404296875	-0.0031890869140625
Nexus6x05	1035611905481371	-0.0244903564453125	-0.0159759521484375	-0.0021209716796875
Nexus6x05	1035611909906420	-0.0244903564453125	-0.008514404296875	0.0010528564453125
Nexus6x05	1035611914361986	-0.0255584716796875	-0.0031890869140625	0.0053253173828125
Nexus6x05	1035611918787035	-0.0234222412109375	0.0042572021484375	0.00958251953125
Nexus6x05	1035611923242601	-0.022369384765625	0.010650634765625	0.0021209716796875
Nexus6x05	1035611927667650	-0.0276947021484375	0.008514404296875	0.0
Nexus6x05	1035611932123217	-0.0244903564453125	-0.0074462890625	-0.0010528564453125
Nexus6x05	1035611936548265	-0.020233154296875	-0.008514404296875	-0.0010528564453125
Nexus6x05	1035611941003832	-0.0266265869140625	0.0010528564453125	-0.0053253173828125
Nexus6x05	1035611945428881	-0.0149078369140625	-0.006378173828125	0.006378173828125
Nexus6x05	1035611949884447	-0.02874755859375	0.0053253173828125	0.0042572021484375
Nexus6x05	1035611954309496	-0.0170440673828125	0.0053253173828125	-0.0010528564453125
Nexus6x05	1035611958765062	-0.0266265869140625	0.0149078369140625	0.0042572021484375
Nexus6x05	1035611963190111	-0.0149078369140625	-0.0042572021484375	-0.0042572021484375
Nexus6x05	1035611967645678	-0.029815673828125	-0.0021209716796875	0.0
Nexus6x05	1035611972070726	-0.018096923828125	-0.006378173828125	0.0010528564453125
Nexus6x05	1035611976526293	-0.0308837890625	-0.0010528564453125	-0.006378173828125
Nexus6x05	1035611980951342	-0.0149078369140625	-0.0031890869140625	0.0010528564453125
Nexus6x05	1035611985406908	-0.0234222412109375	-0.010650634765625	-0.0127716064453125
Nexus6x05	1035611989831957	-0.0191650390625	-0.00958251953125	0.0074462890625
Nexus6x05	1035611994287523	-0.04046630859375	0.0010528564453125	0.008514404296875
Nexus6x05	1035611998712572	-0.0159759521484375	0.0053253173828125	0.0031890869140625
Nexus6x05	1035612003168138	-0.0244903564453125	-0.0010528564453125	0.0010528564453125
Nexus6x05	1035612007593187	-0.031951904296875	-0.0021209716796875	0.0031890869140625
Nexus6x05	1035612012048754	-0.0170440673828125	-0.0127716064453125	-0.0042572021484375
Nexus6x05	1035612016473803	-0.010650634765625	0.0127716064453125	-0.0031890869140625
Nexus6x05	1035612020929369	-0.03302001953125	-0.008514404296875	0.0127716064453125
Nexus6x05	1035612025354418	-0.0308837890625	0.0042572021484375	-0.0010528564453125
Nexus6x05	1035612029809984	-0.008514404296875	-0.00958251953125	0.0138397216796875
Nexus6x05	1035612034235033	-0.0127716064453125	-0.00958251953125	-0.0010528564453125
Nexus6x05	1035612038690599	-0.0308837890625	0.0138397216796875	0.0010528564453125
Nexus6x05	1035612043115648	-0.0138397216796875	0.0021209716796875	0.010650634765625
Nexus6x05	1035612047571215	-0.0138397216796875	-0.0053253173828125	-0.0031890869140625
Nexus6x05	1035612051996263	-0.018096923828125	0.010650634765625	0.008514404296875
Nexus6x05	1035612056451830	-0.022369384765625	-0.0149078369140625	0.0031890869140625
Nexus6x05	1035612060876879	-0.0159759521484375	-0.0170440673828125	0.008514404296875
Nexus6x05	1035612065332445	-0.0127716064453125	0.006378173828125	0.0042572021484375
Nexus6x05	1035612069757494	-0.02874755859375	-0.0031890869140625	-0.006378173828125
Nexus6x05	1035612074213060	-0.018096923828125	-0.0127716064453125	0.00958251953125
Nexus6x05	1035612078638109	-0.0234222412109375	-0.0021209716796875	0.0042572021484375
Nexus6x05	1035612083093676	-0.0127716064453125	0.010650634765625	0.0159759521484375
Nexus6x05	1035612087518724	-0.0042572021484375	-0.0149078369140625	0.0
Nexus6x05	1035612091974291	-0.0117034912109375	0.0117034912109375	0.008514404296875
Nexus6x05	1035612096399340	-0.02130126953125	0.0010528564453125	0.0010528564453125
Nexus6x05	1035612100854906	-0.02130126953125	-0.0042572021484375	-0.0031890869140625
Nexus6x05	1035612105279955	-0.0191650390625	0.0	0.0010528564453125
Nexus6x05	1035612109735521	-0.006378173828125	-0.006378173828125	0.0021209716796875
Nexus6x05	1035612114160570	-0.02130126953125	-0.0074462890625	0.0
Nexus6x05	1035612118616137	-0.020233154296875	0.0042572021484375	-0.0021209716796875
Nexus6x05	1035612123041185	-0.0234222412109375	-0.0031890869140625	0.0010528564453125
Nexus6x05	1035612127496752	-0.0234222412109375	0.008514404296875	0.00958251953125
Nexus6x05	1035612131921801	-0.0351409912109375	-0.0031890869140625	0.0031890869140625
Nexus6x05	1035612136377367	-0.0170440673828125	0.0031890869140625	-0.0021209716796875
Nexus6x05	1035612140802416	-0.0159759521484375	-0.0149078369140625	-0.0117034912109375
Nexus6x05	1035612145257982	-0.0234222412109375	-0.010650634765625	0.0053253173828125
Nexus6x05	1035612149683031	-0.0138397216796875	-0.0010528564453125	0.0031890869140625
Nexus6x05	1035612154138597	-0.0053253173828125	-0.0042572021484375	0.0053253173828125
Nexus6x05	1035612158563646	-0.031951904296875	-0.00958251953125	0.006378173828125
Nexus6x05	1035612163019213	-0.018096923828125	-0.00958251953125	-0.0042572021484375
Nexus6x05	1035612167444262	-0.0383453369140625	0.0074462890625	0.010650634765625
