displayname	timestamp	x	y	z
Nexus6x05	1026348008119264	-0.00244140625	0.007659912109375	0.8567047119140625
Nexus6x05	1026348012574830	-0.00244140625	0.007659912109375	0.8567047119140625
Nexus6x05	1026348016999879	-0.00244140625	0.0076751708984375	0.8567047119140625
Nexus6x05	1026348021455446	-0.0024566650390625	0.0076751708984375	0.8565826416015625
Nexus6x05	1026348025911012	-0.0024566650390625	0.0077056884765625	0.8564453125
Nexus6x05	1026348030366579	-0.0024566650390625	0.0077056884765625	0.8563079833984375
Nexus6x05	1026348034822145	-0.0024566650390625	0.0077056884765625	0.8562469482421875
Nexus6x05	1026348039277711	-0.00244140625	0.0077056884765625	0.856201171875
Nexus6x05	1026348043733278	-0.00244140625	0.0077056884765625	0.8561553955078125
Nexus6x05	1026348048158327	-0.0024261474609375	0.007720947265625	0.856109619140625
Nexus6x05	1026348052613893	-0.002410888671875	0.0077056884765625	0.8560028076171875
Nexus6x05	1026348057069459	-0.002410888671875	0.007720947265625	0.85589599609375
Nexus6x05	1026348061525026	-0.002410888671875	0.0077362060546875	0.8557891845703125
Nexus6x05	1026348065980592	-0.002410888671875	0.00775146484375	0.8556976318359375
Nexus6x05	1026348070436159	-0.0023956298828125	0.0077667236328125	0.8555908203125
Nexus6x05	1026348074861207	-0.00238037109375	0.0077667236328125	0.855499267578125
Nexus6x05	1026348079316774	-0.00238037109375	0.007781982421875	0.85546875
Nexus6x05	1026348083772340	-0.00238037109375	0.0077972412109375	0.8554534912109375
Nexus6x05	1026348088227907	-0.0023651123046875	0.0077972412109375	0.8554534912109375
Nexus6x05	1026348092683473	-0.0023651123046875	0.0078125	0.855438232421875
Nexus6x05	1026348097139039	-0.0023651123046875	0.0078125	0.8554229736328125
Nexus6x05	1026348101594606	-0.0023651123046875	0.0078277587890625	0.8553924560546875
Nexus6x05	1026348106019655	-0.0023651123046875	0.0078277587890625	0.855377197265625
Nexus6x05	1026348110475221	-0.002349853515625	0.0078277587890625	0.8553619384765625
Nexus6x05	1026348114930788	-0.002349853515625	0.007843017578125	0.8553466796875
Nexus6x05	1026348119386354	-0.002349853515625	0.007843017578125	0.8553314208984375
Nexus6x05	1026348123841920	-0.002349853515625	0.0078582763671875	0.855316162109375
Nexus6x05	1026348128297487	-0.0023651123046875	0.007843017578125	0.855316162109375
Nexus6x05	1026348132722536	-0.0023651123046875	0.007843017578125	0.8553314208984375
Nexus6x05	1026348137178102	-0.0023651123046875	0.0078582763671875	0.855255126953125
Nexus6x05	1026348141633668	-0.002349853515625	0.007843017578125	0.85516357421875
Nexus6x05	1026348146089235	-0.002349853515625	0.007843017578125	0.855072021484375
Nexus6x05	1026348150544801	-0.002349853515625	0.0078582763671875	0.855072021484375
Nexus6x05	1026348155000368	-0.002349853515625	0.007843017578125	0.8551025390625
Nexus6x05	1026348159455934	-0.002349853515625	0.007843017578125	0.855133056640625
Nexus6x05	1026348163880983	-0.0023651123046875	0.007843017578125	0.8551177978515625
Nexus6x05	1026348168336549	-0.0023651123046875	0.0078277587890625	0.8551025390625
Nexus6x05	1026348172792116	-0.0023345947265625	0.0078277587890625	0.855072021484375
Nexus6x05	1026348177247682	-0.0023345947265625	0.0078277587890625	0.85504150390625
Nexus6x05	1026348181703248	-0.002349853515625	0.0077972412109375	0.855010986328125
Nexus6x05	1026348186158815	-0.002349853515625	0.0078125	0.85498046875
Nexus6x05	1026348190583864	-0.0023345947265625	0.0077972412109375	0.854949951171875
Nexus6x05	1026348195039430	-0.0023193359375	0.0077972412109375	0.854949951171875
Nexus6x05	1026348199494996	-0.0023193359375	0.0078125	0.854949951171875
Nexus6x05	1026348203950563	-0.0023345947265625	0.0078277587890625	0.8549652099609375
Nexus6x05	1026348208406129	-0.0023345947265625	0.007843017578125	0.85491943359375
Nexus6x05	1026348212861696	-0.0023193359375	0.007843017578125	0.8548736572265625
Nexus6x05	1026348217317262	-0.0023345947265625	0.0078277587890625	0.854827880859375
Nexus6x05	1026348221742311	-0.0023040771484375	0.007843017578125	0.85479736328125
Nexus6x05	1026348226197877	-0.0023040771484375	0.007843017578125	0.8547515869140625
Nexus6x05	1026348230653444	-0.0023040771484375	0.007843017578125	0.8547210693359375
Nexus6x05	1026348235109010	-0.0023193359375	0.007843017578125	0.85467529296875
Nexus6x05	1026348239564577	-0.0023193359375	0.007843017578125	0.854644775390625
Nexus6x05	1026348244020143	-0.0023345947265625	0.0078277587890625	0.8546142578125
Nexus6x05	1026348248445192	-0.0023345947265625	0.0078125	0.854644775390625
Nexus6x05	1026348252900758	-0.0023345947265625	0.0078125	0.8546905517578125
Nexus6x05	1026348257356325	-0.0023193359375	0.0078277587890625	0.8547515869140625
Nexus6x05	1026348261811891	-0.0023345947265625	0.007843017578125	0.85479736328125
Nexus6x05	1026348266267457	-0.002349853515625	0.0078582763671875	0.8547515869140625
Nexus6x05	1026348270723024	-0.002349853515625	0.0078582763671875	0.85467529296875
Nexus6x05	1026348275178590	-0.002349853515625	0.007843017578125	0.8545989990234375
Nexus6x05	1026348279603639	-0.0023345947265625	0.007843017578125	0.8545379638671875
Nexus6x05	1026348284059205	-0.002410888671875	0.0078125	0.854461669921875
Nexus6x05	1026348288514772	-0.0023956298828125	0.0078125	0.854400634765625
Nexus6x05	1026348292970338	-0.002410888671875	0.0077972412109375	0.854339599609375
Nexus6x05	1026348297425905	-0.002410888671875	0.0078125	0.8542938232421875
Nexus6x05	1026348301881471	-0.002410888671875	0.0078125	0.8542327880859375
Nexus6x05	1026348306337038	-0.0024261474609375	0.007843017578125	0.854156494140625
Nexus6x05	1026348310762086	-0.002410888671875	0.007843017578125	0.8540802001953125
Nexus6x05	1026348315217653	-0.002410888671875	0.0078582763671875	0.8539886474609375
Nexus6x05	1026348319673219	-0.0024261474609375	0.0078582763671875	0.8539581298828125
Nexus6x05	1026348324128786	-0.002410888671875	0.007843017578125	0.8539276123046875
Nexus6x05	1026348328584352	-0.0024261474609375	0.007843017578125	0.8538970947265625
Nexus6x05	1026348333039918	-0.002410888671875	0.0078582763671875	0.8538818359375
Nexus6x05	1026348337464967	-0.002410888671875	0.0078582763671875	0.8538665771484375
Nexus6x05	1026348341920534	-0.0023956298828125	0.0078582763671875	0.853851318359375
Nexus6x05	1026348346376100	-0.00238037109375	0.0078582763671875	0.8538360595703125
Nexus6x05	1026348350831666	-0.0023956298828125	0.00787353515625	0.8538360595703125
Nexus6x05	1026348355287233	-0.0023956298828125	0.00787353515625	0.85382080078125
Nexus6x05	1026348359742799	-0.002410888671875	0.0078887939453125	0.85382080078125
Nexus6x05	1026348364198366	-0.002410888671875	0.00787353515625	0.8538360595703125
Nexus6x05	1026348368623414	-0.00244140625	0.00787353515625	0.8538665771484375
Nexus6x05	1026348373078981	-0.00244140625	0.0078887939453125	0.8538818359375
Nexus6x05	1026348377534547	-0.00244140625	0.0078887939453125	0.8538360595703125
Nexus6x05	1026348381990114	-0.00244140625	0.0078887939453125	0.8537750244140625
Nexus6x05	1026348386445680	-0.0024261474609375	0.00787353515625	0.853729248046875
Nexus6x05	1026348390901246	-0.0024261474609375	0.00787353515625	0.85369873046875
Nexus6x05	1026348395326295	-0.00244140625	0.00787353515625	0.8536834716796875
Nexus6x05	1026348399781862	-0.00244140625	0.00787353515625	0.8536529541015625
Nexus6x05	1026348404237428	-0.0024261474609375	0.0078582763671875	0.8536376953125
Nexus6x05	1026348408692995	-0.0024261474609375	0.0078582763671875	0.853546142578125
Nexus6x05	1026348413148561	-0.0024261474609375	0.0078582763671875	0.853424072265625
Nexus6x05	1026348417604127	-0.00244140625	0.00787353515625	0.8533172607421875
Nexus6x05	1026348422059694	-0.00244140625	0.00787353515625	0.8532867431640625
Nexus6x05	1026348426484743	-0.0024261474609375	0.0078887939453125	0.8532562255859375
Nexus6x05	1026348430940309	-0.00244140625	0.0078582763671875	0.853240966796875
Nexus6x05	1026348435395875	-0.0024261474609375	0.007843017578125	0.853302001953125
Nexus6x05	1026348439851442	-0.002410888671875	0.007843017578125	0.853363037109375
Nexus6x05	1026348444307008	-0.002410888671875	0.0078582763671875	0.8534393310546875
Nexus6x05	1026348448762575	-0.0023956298828125	0.007843017578125	0.853424072265625
Nexus6x05	1026348453187623	-0.00238037109375	0.0078277587890625	0.8533935546875
Nexus6x05	1026348457643190	-0.00238037109375	0.007843017578125	0.853363037109375
Nexus6x05	1026348462098756	-0.0023651123046875	0.007843017578125	0.8533935546875
Nexus6x05	1026348466554323	-0.00238037109375	0.0078582763671875	0.8534393310546875
Nexus6x05	1026348471009889	-0.002349853515625	0.0078582763671875	0.853485107421875
Nexus6x05	1026348475465455	-0.002349853515625	0.007843017578125	0.8535308837890625
Nexus6x05	1026348479921022	-0.002349853515625	0.007843017578125	0.8535003662109375
Nexus6x05	1026348484346071	-0.002349853515625	0.007843017578125	0.8534393310546875
Nexus6x05	1026348488801637	-0.0023345947265625	0.0078277587890625	0.8533782958984375
Nexus6x05	1026348493257204	-0.0023193359375	0.0078277587890625	0.8533477783203125
Nexus6x05	1026348497712770	-0.0023193359375	0.0078277587890625	0.85333251953125
Nexus6x05	1026348502168336	-0.0023193359375	0.0078277587890625	0.8533172607421875
Nexus6x05	1026348506623903	-0.0023193359375	0.0078125	0.8532562255859375
Nexus6x05	1026348511048952	-0.002288818359375	0.0078277587890625	0.8531951904296875
Nexus6x05	1026348515504518	-0.0023040771484375	0.0078125	0.8531341552734375
Nexus6x05	1026348519960084	-0.0023040771484375	0.0078125	0.85302734375
Nexus6x05	1026348524415651	-0.0023040771484375	0.0077972412109375	0.8529052734375
Nexus6x05	1026348528871217	-0.0023040771484375	0.0078125	0.8527984619140625
Nexus6x05	1026348533326784	-0.0023040771484375	0.0078125	0.8527069091796875
Nexus6x05	1026348537782350	-0.0023040771484375	0.0078125	0.8526458740234375
Nexus6x05	1026348542207399	-0.0023040771484375	0.0077972412109375	0.852569580078125
Nexus6x05	1026348546662965	-0.0022735595703125	0.0078125	0.8524932861328125
Nexus6x05	1026348551118532	-0.002288818359375	0.0077972412109375	0.852447509765625
Nexus6x05	1026348555574098	-0.002288818359375	0.0078125	0.8524017333984375
Nexus6x05	1026348560029664	-0.002288818359375	0.0078125	0.85235595703125
Nexus6x05	1026348564485231	-0.0022735595703125	0.0078125	0.85223388671875
Nexus6x05	1026348568910280	-0.0023040771484375	0.0077972412109375	0.8521270751953125
Nexus6x05	1026348573365846	-0.0023040771484375	0.0078125	0.85198974609375
Nexus6x05	1026348577821413	-0.0023040771484375	0.0078125	0.8519744873046875
Nexus6x05	1026348582276979	-0.0023193359375	0.0077972412109375	0.851959228515625
Nexus6x05	1026348586732545	-0.0023651123046875	0.0078125	0.851959228515625
Nexus6x05	1026348591188112	-0.0023651123046875	0.0077972412109375	0.8519744873046875
Nexus6x05	1026348595643678	-0.0023651123046875	0.007781982421875	0.8519744873046875
Nexus6x05	1026348600068727	-0.0023345947265625	0.007781982421875	0.85198974609375
Nexus6x05	1026348604524293	-0.0023345947265625	0.007781982421875	0.85205078125
Nexus6x05	1026348608979860	-0.0023345947265625	0.0077972412109375	0.85211181640625
Nexus6x05	1026348613435426	-0.0023345947265625	0.007781982421875	0.8521728515625
Nexus6x05	1026348617890993	-0.0023345947265625	0.0077972412109375	0.85223388671875
Nexus6x05	1026348622346559	-0.002349853515625	0.0077972412109375	0.852203369140625
Nexus6x05	1026348626771608	-0.002349853515625	0.0078125	0.8521575927734375
Nexus6x05	1026348631227174	-0.002349853515625	0.0078125	0.8520965576171875
Nexus6x05	1026348635682741	-0.0023193359375	0.0078277587890625	0.852081298828125
Nexus6x05	1026348640138307	-0.0023345947265625	0.0078277587890625	0.852081298828125
Nexus6x05	1026348644593873	-0.0023345947265625	0.007843017578125	0.8520660400390625
Nexus6x05	1026348649049440	-0.0023040771484375	0.0078582763671875	0.8519744873046875
Nexus6x05	1026348653505006	-0.0023040771484375	0.0078582763671875	0.85186767578125
Nexus6x05	1026348657930055	-0.0023040771484375	0.007843017578125	0.85174560546875
Nexus6x05	1026348662385621	-0.0023040771484375	0.0078582763671875	0.8517303466796875
Nexus6x05	1026348666841188	-0.002288818359375	0.0078582763671875	0.8517303466796875
Nexus6x05	1026348671296754	-0.002288818359375	0.007843017578125	0.8517303466796875
Nexus6x05	1026348675752321	-0.002288818359375	0.0078582763671875	0.85174560546875
Nexus6x05	1026348680207887	-0.002288818359375	0.007843017578125	0.851776123046875
Nexus6x05	1026348684632936	-0.002288818359375	0.00787353515625	0.851806640625
Nexus6x05	1026348689088502	-0.0023040771484375	0.00787353515625	0.851837158203125
Nexus6x05	1026348693544069	-0.002288818359375	0.0078887939453125	0.8518829345703125
Nexus6x05	1026348697999635	-0.002288818359375	0.0078887939453125	0.8519287109375
Nexus6x05	1026348702455202	-0.0022735595703125	0.00787353515625	0.8519744873046875
Nexus6x05	1026348706910768	-0.002288818359375	0.0078887939453125	0.8519287109375
Nexus6x05	1026348711366334	-0.002288818359375	0.0078887939453125	0.85186767578125
Nexus6x05	1026348715791383	-0.002288818359375	0.0078887939453125	0.8517913818359375
Nexus6x05	1026348720246950	-0.0022735595703125	0.0078887939453125	0.8517913818359375
Nexus6x05	1026348724702516	-0.0022735595703125	0.0078887939453125	0.8518218994140625
Nexus6x05	1026348729158082	-0.0022735595703125	0.00787353515625	0.851837158203125
Nexus6x05	1026348733613649	-0.0023040771484375	0.00787353515625	0.8518218994140625
Nexus6x05	1026348738069215	-0.0023040771484375	0.0078887939453125	0.851806640625
Nexus6x05	1026348742494264	-0.0023040771484375	0.0078887939453125	0.851776123046875
Nexus6x05	1026348746949830	-0.0023040771484375	0.0078582763671875	0.851715087890625
Nexus6x05	1026348751405397	-0.0023040771484375	0.0078582763671875	0.8516387939453125
Nexus6x05	1026348755860963	-0.002349853515625	0.0078277587890625	0.8515625
Nexus6x05	1026348760316530	-0.0023345947265625	0.0078277587890625	0.8514862060546875
Nexus6x05	1026348764772096	-0.0023345947265625	0.0078277587890625	0.8514404296875
Nexus6x05	1026348769227663	-0.0023345947265625	0.007843017578125	0.85137939453125
Nexus6x05	1026348773652711	-0.0023193359375	0.0078277587890625	0.8513336181640625
Nexus6x05	1026348778108278	-0.0023193359375	0.0077972412109375	0.851348876953125
Nexus6x05	1026348782563844	-0.002288818359375	0.0078277587890625	0.8513641357421875
Nexus6x05	1026348787019411	-0.002288818359375	0.0078277587890625	0.8513946533203125
Nexus6x05	1026348791474977	-0.0023040771484375	0.0078277587890625	0.8513641357421875
Nexus6x05	1026348795930543	-0.0023040771484375	0.007843017578125	0.8513336181640625
Nexus6x05	1026348800355592	-0.002288818359375	0.007843017578125	0.851287841796875
Nexus6x05	1026348804811159	-0.002288818359375	0.0078582763671875	0.851226806640625
Nexus6x05	1026348809266725	-0.0022735595703125	0.00787353515625	0.851165771484375
Nexus6x05	1026348813722291	-0.002288818359375	0.00787353515625	0.851104736328125
Nexus6x05	1026348818177858	-0.002288818359375	0.0078887939453125	0.8510284423828125
Nexus6x05	1026348822633424	-0.002288818359375	0.0078887939453125	0.8509521484375
Nexus6x05	1026348827088991	-0.0022430419921875	0.0078887939453125	0.85089111328125
Nexus6x05	1026348831514039	-0.00225830078125	0.007904052734375	0.8508148193359375
Nexus6x05	1026348835969606	-0.00225830078125	0.0078887939453125	0.8508148193359375
Nexus6x05	1026348840425172	-0.00225830078125	0.007904052734375	0.850830078125
Nexus6x05	1026348844880739	-0.00225830078125	0.0079193115234375	0.8508453369140625
Nexus6x05	1026348849336305	-0.00225830078125	0.0079498291015625	0.850799560546875
Nexus6x05	1026348853791871	-0.00225830078125	0.0079498291015625	0.850738525390625
Nexus6x05	1026348858216920	-0.00225830078125	0.0079498291015625	0.8506622314453125
Nexus6x05	1026348862672487	-0.0022430419921875	0.0079345703125	0.8506927490234375
Nexus6x05	1026348867128053	-0.00225830078125	0.0079345703125	0.8507232666015625
Nexus6x05	1026348871583620	-0.0022430419921875	0.0079345703125	0.8507537841796875
Nexus6x05	1026348876039186	-0.0022430419921875	0.0079193115234375	0.85064697265625
Nexus6x05	1026348880494752	-0.0022430419921875	0.0079345703125	0.85052490234375
Nexus6x05	1026348884950319	-0.0022430419921875	0.0079345703125	0.8503875732421875
Nexus6x05	1026348889375368	-0.0022430419921875	0.0079498291015625	0.8502197265625
Nexus6x05	1026348893830934	-0.0022430419921875	0.007965087890625	0.8500518798828125
Nexus6x05	1026348898286500	-0.0022430419921875	0.0079498291015625	0.849884033203125
Nexus6x05	1026348902742067	-0.002227783203125	0.0079345703125	0.8497161865234375
Nexus6x05	1026348907197633	-0.002227783203125	0.0079498291015625	0.8496246337890625
Nexus6x05	1026348911653200	-0.00225830078125	0.0079345703125	0.84954833984375
Nexus6x05	1026348916078248	-0.0022735595703125	0.0079345703125	0.8494720458984375
Nexus6x05	1026348920533815	-0.002288818359375	0.0079193115234375	0.8494873046875
Nexus6x05	1026348924989381	-0.002288818359375	0.0079193115234375	0.84954833984375
Nexus6x05	1026348929444948	-0.002288818359375	0.0079193115234375	0.8495941162109375
Nexus6x05	1026348933900514	-0.0022735595703125	0.0079193115234375	0.8495941162109375
Nexus6x05	1026348938356080	-0.002288818359375	0.0079193115234375	0.849578857421875
Nexus6x05	1026348942811647	-0.002288818359375	0.0079193115234375	0.8495635986328125
Nexus6x05	1026348947236696	-0.002288818359375	0.0079193115234375	0.8495025634765625
Nexus6x05	1026348951692262	-0.0022735595703125	0.0079345703125	0.8494415283203125
Nexus6x05	1026348956147829	-0.00225830078125	0.0079193115234375	0.849365234375
Nexus6x05	1026348960603395	-0.0022430419921875	0.0079345703125	0.84930419921875
Nexus6x05	1026348965058961	-0.00225830078125	0.0079193115234375	0.8492279052734375
Nexus6x05	1026348969514528	-0.0022430419921875	0.0079193115234375	0.8491668701171875
Nexus6x05	1026348973939577	-0.0022430419921875	0.0079345703125	0.849090576171875
Nexus6x05	1026348978395143	-0.0022430419921875	0.0079498291015625	0.8490753173828125
Nexus6x05	1026348982850709	-0.0022430419921875	0.007965087890625	0.84906005859375
Nexus6x05	1026348987306276	-0.0022430419921875	0.0079498291015625	0.8490447998046875
Nexus6x05	1026348991761842	-0.002227783203125	0.0079498291015625	0.8489837646484375
Nexus6x05	1026348996217409	-0.0021820068359375	0.0079345703125	0.848907470703125
Nexus6x05	1026349000672975	-0.0021820068359375	0.0079498291015625	0.848846435546875
Nexus6x05	1026349005098024	-0.002197265625	0.0079498291015625	0.8487548828125
Nexus6x05	1026349009553590	-0.002197265625	0.0079498291015625	0.8486480712890625
Nexus6x05	1026349014009157	-0.0022125244140625	0.0079498291015625	0.848541259765625
Nexus6x05	1026349018464723	-0.0022125244140625	0.0079498291015625	0.848480224609375
Nexus6x05	1026349022920289	-0.002197265625	0.0079498291015625	0.84844970703125
Nexus6x05	1026349027375856	-0.0022125244140625	0.0079345703125	0.848419189453125
Nexus6x05	1026349031800905	-0.002197265625	0.0079345703125	0.8484039306640625
Nexus6x05	1026349036256471	-0.002197265625	0.0079498291015625	0.848388671875
Nexus6x05	1026349040712038	-0.0021820068359375	0.0079498291015625	0.8483734130859375
Nexus6x05	1026349045167604	-0.002197265625	0.007965087890625	0.848358154296875
Nexus6x05	1026349049623170	-0.0021820068359375	0.0079498291015625	0.848388671875
Nexus6x05	1026349054078737	-0.0021820068359375	0.0079345703125	0.8484344482421875
Nexus6x05	1026349058534303	-0.0021820068359375	0.0079345703125	0.8484649658203125
Nexus6x05	1026349062959352	-0.0021820068359375	0.0079193115234375	0.848541259765625
Nexus6x05	1026349067414918	-0.002197265625	0.007904052734375	0.8486175537109375
Nexus6x05	1026349071870485	-0.0021820068359375	0.0079345703125	0.8487091064453125
Nexus6x05	1026349076326051	-0.002166748046875	0.0079345703125	0.8487091064453125
Nexus6x05	1026349080781618	-0.0021820068359375	0.0079345703125	0.8487091064453125
Nexus6x05	1026349085237184	-0.0021820068359375	0.0079193115234375	0.84869384765625
Nexus6x05	1026349089662233	-0.0021820068359375	0.0079193115234375	0.8487396240234375
Nexus6x05	1026349094117799	-0.0021514892578125	0.0079193115234375	0.8488006591796875
Nexus6x05	1026349098573366	-0.0021514892578125	0.0079193115234375	0.8488616943359375
Nexus6x05	1026349103028932	-0.0021514892578125	0.0079193115234375	0.8487548828125
Nexus6x05	1026349107484498	-0.00213623046875	0.007904052734375	0.8486328125
Nexus6x05	1026349111940065	-0.002105712890625	0.007904052734375	0.848480224609375
Nexus6x05	1026349116395631	-0.0020904541015625	0.007904052734375	0.8483428955078125
Nexus6x05	1026349120820680	-0.0020751953125	0.007904052734375	0.8484039306640625
Nexus6x05	1026349125276246	-0.0020751953125	0.007904052734375	0.8484954833984375
Nexus6x05	1026349129731813	-0.0020904541015625	0.007904052734375	0.848602294921875
Nexus6x05	1026349134187379	-0.0020904541015625	0.007904052734375	0.8486328125
Nexus6x05	1026349138642946	-0.0020904541015625	0.0079193115234375	0.8486328125
Nexus6x05	1026349143098512	-0.002105712890625	0.0079193115234375	0.8486328125
Nexus6x05	1026349147523561	-0.002105712890625	0.0079345703125	0.8486785888671875
Nexus6x05	1026349151979127	-0.002105712890625	0.0079193115234375	0.848724365234375
Nexus6x05	1026349156434694	-0.0020751953125	0.0079193115234375	0.8487548828125
Nexus6x05	1026349160890260	-0.0020599365234375	0.0079193115234375	0.8487091064453125
Nexus6x05	1026349165345827	-0.0020599365234375	0.0079193115234375	0.8486785888671875
Nexus6x05	1026349169801393	-0.0020599365234375	0.0079345703125	0.8486480712890625
Nexus6x05	1026349174256959	-0.002044677734375	0.0079193115234375	0.848541259765625
Nexus6x05	1026349178682008	-0.0019989013671875	0.0079193115234375	0.8484039306640625
Nexus6x05	1026349183137575	-0.001983642578125	0.0079193115234375	0.8482818603515625
Nexus6x05	1026349187593141	-0.001953125	0.0079193115234375	0.8481597900390625
Nexus6x05	1026349192048707	-0.0019378662109375	0.0079193115234375	0.8481292724609375
Nexus6x05	1026349196504274	-0.0019378662109375	0.0079345703125	0.84814453125
Nexus6x05	1026349200959840	-0.0019378662109375	0.0079193115234375	0.84814453125
Nexus6x05	1026349205384889	-0.0019378662109375	0.0079345703125	0.848114013671875
Nexus6x05	1026349209840455	-0.001953125	0.0079193115234375	0.8480682373046875
Nexus6x05	1026349214296022	-0.0019378662109375	0.0079345703125	0.8480224609375
Nexus6x05	1026349218751588	-0.001922607421875	0.0079498291015625	0.8480682373046875
Nexus6x05	1026349223207155	-0.001922607421875	0.007965087890625	0.8481597900390625
Nexus6x05	1026349227662721	-0.0019378662109375	0.007965087890625	0.848236083984375
Nexus6x05	1026349232118288	-0.001922607421875	0.007965087890625	0.8482666015625
Nexus6x05	1026349236543336	-0.0019378662109375	0.007965087890625	0.848297119140625
Nexus6x05	1026349240998903	-0.001953125	0.0079803466796875	0.8483123779296875
Nexus6x05	1026349245454469	-0.001953125	0.0079803466796875	0.848297119140625
Nexus6x05	1026349249910036	-0.0019378662109375	0.0079803466796875	0.8482666015625
Nexus6x05	1026349254365602	-0.0019378662109375	0.00799560546875	0.848236083984375
Nexus6x05	1026349258821168	-0.0019073486328125	0.007965087890625	0.84820556640625
Nexus6x05	1026349263246217	-0.001922607421875	0.0079803466796875	0.8482208251953125
Nexus6x05	1026349267701784	-0.0019378662109375	0.0079803466796875	0.848236083984375
Nexus6x05	1026349272157350	-0.0019073486328125	0.00799560546875	0.848236083984375
Nexus6x05	1026349276612916	-0.0019073486328125	0.00799560546875	0.84832763671875
Nexus6x05	1026349281068483	-0.00189208984375	0.0080108642578125	0.848419189453125
Nexus6x05	1026349285524049	-0.0019073486328125	0.0080108642578125	0.8485260009765625
Nexus6x05	1026349289979616	-0.0019073486328125	0.0080108642578125	0.84857177734375
Nexus6x05	1026349294404664	-0.0019378662109375	0.0080108642578125	0.848602294921875
Nexus6x05	1026349298860231	-0.0019378662109375	0.008026123046875	0.8486175537109375
Nexus6x05	1026349303315797	-0.001953125	0.008026123046875	0.8485565185546875
Nexus6x05	1026349307771364	-0.001953125	0.008056640625	0.848480224609375
Nexus6x05	1026349312226930	-0.0019378662109375	0.008056640625	0.848388671875
Nexus6x05	1026349316682496	-0.0019378662109375	0.0080718994140625	0.8483428955078125
Nexus6x05	1026349321107545	-0.0019378662109375	0.0080718994140625	0.848297119140625
Nexus6x05	1026349325563112	-0.0019378662109375	0.0080718994140625	0.8482513427734375
Nexus6x05	1026349330018678	-0.0019378662109375	0.0080718994140625	0.84820556640625
Nexus6x05	1026349334474245	-0.0019378662109375	0.008087158203125	0.848114013671875
Nexus6x05	1026349338929811	-0.001953125	0.0080718994140625	0.8480224609375
Nexus6x05	1026349343385377	-0.0019378662109375	0.008087158203125	0.8479156494140625
Nexus6x05	1026349347840944	-0.0019683837890625	0.008056640625	0.84796142578125
Nexus6x05	1026349352265993	-0.0019683837890625	0.0080718994140625	0.8480072021484375
Nexus6x05	1026349356721559	-0.001983642578125	0.0080718994140625	0.848052978515625
Nexus6x05	1026349361177125	-0.001983642578125	0.0080718994140625	0.8480682373046875
Nexus6x05	1026349365632692	-0.0019683837890625	0.008056640625	0.8480987548828125
Nexus6x05	1026349370088258	-0.0019683837890625	0.008056640625	0.848114013671875
Nexus6x05	1026349374543825	-0.001983642578125	0.008056640625	0.8480987548828125
Nexus6x05	1026349378968873	-0.001983642578125	0.008056640625	0.8480682373046875
Nexus6x05	1026349383424440	-0.001983642578125	0.0080413818359375	0.8480377197265625
Nexus6x05	1026349387880006	-0.001983642578125	0.008056640625	0.84796142578125
Nexus6x05	1026349392335573	-0.0019683837890625	0.008056640625	0.847869873046875
Nexus6x05	1026349396791139	-0.0019683837890625	0.008056640625	0.8477935791015625
Nexus6x05	1026349401246705	-0.0019683837890625	0.008056640625	0.8477020263671875
Nexus6x05	1026349405702272	-0.001983642578125	0.008056640625	0.8477325439453125
Nexus6x05	1026349410127321	-0.001983642578125	0.0080413818359375	0.8477935791015625
Nexus6x05	1026349414582887	-0.001983642578125	0.008026123046875	0.8478546142578125
Nexus6x05	1026349419038454	-0.001983642578125	0.0080413818359375	0.8477630615234375
Nexus6x05	1026349423494020	-0.0019683837890625	0.008056640625	0.8476409912109375
Nexus6x05	1026349427949586	-0.001983642578125	0.0080413818359375	0.8475189208984375
Nexus6x05	1026349432405153	-0.001983642578125	0.0080413818359375	0.8473968505859375
Nexus6x05	1026349436830202	-0.0019989013671875	0.008056640625	0.8472900390625
Nexus6x05	1026349441285768	-0.0019989013671875	0.008087158203125	0.84716796875
Nexus6x05	1026349445741334	-0.0019989013671875	0.008087158203125	0.8472137451171875
Nexus6x05	1026349450196901	-0.0019683837890625	0.0081329345703125	0.8472747802734375
Nexus6x05	1026349454652467	-0.001983642578125	0.0081329345703125	0.84735107421875
Nexus6x05	1026349459108034	-0.001983642578125	0.0081329345703125	0.847412109375
Nexus6x05	1026349463563600	-0.001983642578125	0.0081329345703125	0.8474578857421875
Nexus6x05	1026349467988649	-0.0019683837890625	0.008148193359375	0.847503662109375
Nexus6x05	1026349472444215	-0.001983642578125	0.008148193359375	0.8475494384765625
Nexus6x05	1026349476899782	-0.0019989013671875	0.008148193359375	0.847564697265625
Nexus6x05	1026349481355348	-0.001983642578125	0.0081634521484375	0.8475799560546875
Nexus6x05	1026349485810914	-0.0019989013671875	0.0081787109375	0.8475799560546875
Nexus6x05	1026349490266481	-0.0019989013671875	0.0081787109375	0.8475189208984375
Nexus6x05	1026349494691530	-0.001983642578125	0.0081787109375	0.8474578857421875
Nexus6x05	1026349499147096	-0.001983642578125	0.0081634521484375	0.847381591796875
Nexus6x05	1026349503602663	-0.001983642578125	0.0081787109375	0.847320556640625
Nexus6x05	1026349508058229	-0.00201416015625	0.0081329345703125	0.847259521484375
Nexus6x05	1026349512513795	-0.002044677734375	0.0081329345703125	0.847198486328125
Nexus6x05	1026349516969362	-0.0020294189453125	0.008148193359375	0.8472137451171875
Nexus6x05	1026349521424928	-0.002044677734375	0.008148193359375	0.8472442626953125
Nexus6x05	1026349525849977	-0.0020294189453125	0.0081329345703125	0.8472747802734375
Nexus6x05	1026349530305543	-0.00201416015625	0.0081329345703125	0.847259521484375
Nexus6x05	1026349534761110	-0.00201416015625	0.0081024169921875	0.84722900390625
Nexus6x05	1026349539216676	-0.00201416015625	0.0081024169921875	0.8472137451171875
Nexus6x05	1026349543672243	-0.00201416015625	0.00811767578125	0.8471832275390625
Nexus6x05	1026349548127809	-0.00201416015625	0.00811767578125	0.84710693359375
Nexus6x05	1026349552552858	-0.0019989013671875	0.0081329345703125	0.8470306396484375
Nexus6x05	1026349557008424	-0.0019989013671875	0.008148193359375	0.8469390869140625
Nexus6x05	1026349561463991	-0.0019989013671875	0.008148193359375	0.8469085693359375
Nexus6x05	1026349565919557	-0.0019989013671875	0.008148193359375	0.846893310546875
Nexus6x05	1026349570375123	-0.0019989013671875	0.0081634521484375	0.8468780517578125
Nexus6x05	1026349574830690	-0.001983642578125	0.0081634521484375	0.8468017578125
Nexus6x05	1026349579286256	-0.0019683837890625	0.0081634521484375	0.8467254638671875
Nexus6x05	1026349583711305	-0.0019683837890625	0.0081634521484375	0.846649169921875
Nexus6x05	1026349588166871	-0.0019378662109375	0.0081787109375	0.8465728759765625
Nexus6x05	1026349592622438	-0.001953125	0.0081787109375	0.8465118408203125
Nexus6x05	1026349597078004	-0.0019378662109375	0.0081787109375	0.846435546875
Nexus6x05	1026349601533571	-0.001922607421875	0.0081939697265625	0.846466064453125
Nexus6x05	1026349605989137	-0.001922607421875	0.0081939697265625	0.8465118408203125
Nexus6x05	1026349610414186	-0.0019378662109375	0.0081939697265625	0.8465728759765625
Nexus6x05	1026349614869752	-0.001922607421875	0.0081939697265625	0.8466339111328125
Nexus6x05	1026349619325319	-0.001922607421875	0.008209228515625	0.84661865234375
Nexus6x05	1026349623780885	-0.001922607421875	0.008209228515625	0.8466033935546875
Nexus6x05	1026349628236452	-0.001922607421875	0.0082244873046875	0.8465728759765625
Nexus6x05	1026349632692018	-0.001922607421875	0.0082244873046875	0.8465728759765625
Nexus6x05	1026349637147584	-0.001922607421875	0.0082244873046875	0.846588134765625
Nexus6x05	1026349641572633	-0.00189208984375	0.0082244873046875	0.846588134765625
Nexus6x05	1026349646028200	-0.00189208984375	0.00823974609375	0.8465423583984375
Nexus6x05	1026349650483766	-0.00189208984375	0.0082244873046875	0.8464813232421875
Nexus6x05	1026349654939332	-0.00189208984375	0.0082244873046875	0.8464202880859375
Nexus6x05	1026349659394899	-0.00189208984375	0.00823974609375	0.8464508056640625
Nexus6x05	1026349663850465	-0.0018768310546875	0.0082550048828125	0.84649658203125
Nexus6x05	1026349668275514	-0.001861572265625	0.008270263671875	0.8465576171875
Nexus6x05	1026349672731080	-0.001861572265625	0.0082550048828125	0.846466064453125
Nexus6x05	1026349677186647	-0.0018768310546875	0.008270263671875	0.846343994140625
Nexus6x05	1026349681642213	-0.001861572265625	0.0082550048828125	0.846221923828125
Nexus6x05	1026349686097780	-0.001861572265625	0.008270263671875	0.846099853515625
Nexus6x05	1026349690553346	-0.0018768310546875	0.008270263671875	0.846160888671875
Nexus6x05	1026349695008913	-0.00189208984375	0.0082855224609375	0.84625244140625
Nexus6x05	1026349699433961	-0.0018768310546875	0.008270263671875	0.8463592529296875
Nexus6x05	1026349703889528	-0.0018768310546875	0.008270263671875	0.846405029296875
Nexus6x05	1026349708345094	-0.0019073486328125	0.008270263671875	0.8464508056640625
Nexus6x05	1026349712800661	-0.0019073486328125	0.008270263671875	0.84649658203125
Nexus6x05	1026349717256227	-0.00189208984375	0.0082550048828125	0.84649658203125
Nexus6x05	1026349721711793	-0.00189208984375	0.0082550048828125	0.84649658203125
Nexus6x05	1026349726136842	-0.00189208984375	0.0082244873046875	0.84649658203125
Nexus6x05	1026349730592409	-0.0018768310546875	0.0082244873046875	0.846466064453125
Nexus6x05	1026349735047975	-0.0018768310546875	0.0082244873046875	0.8464202880859375
Nexus6x05	1026349739503541	-0.0018768310546875	0.0082244873046875	0.84637451171875
Nexus6x05	1026349743959108	-0.0018768310546875	0.0082244873046875	0.846466064453125
Nexus6x05	1026349748414674	-0.0018768310546875	0.0082244873046875	0.8465728759765625
Nexus6x05	1026349752870241	-0.00189208984375	0.0082244873046875	0.8466949462890625
Nexus6x05	1026349757295289	-0.00189208984375	0.0082244873046875	0.8468017578125
Nexus6x05	1026349761750856	-0.0018768310546875	0.00823974609375	0.8468170166015625
Nexus6x05	1026349766206422	-0.0018768310546875	0.00823974609375	0.8468170166015625
Nexus6x05	1026349770661989	-0.001922607421875	0.0082244873046875	0.8467864990234375
Nexus6x05	1026349775117555	-0.001953125	0.0082244873046875	0.8467254638671875
Nexus6x05	1026349779573121	-0.0019378662109375	0.0082244873046875	0.8466644287109375
Nexus6x05	1026349783998170	-0.0019378662109375	0.0082550048828125	0.8466033935546875
Nexus6x05	1026349788453737	-0.001983642578125	0.0082244873046875	0.846466064453125
Nexus6x05	1026349792909303	-0.001953125	0.00823974609375	0.846343994140625
Nexus6x05	1026349797364870	-0.0019683837890625	0.0082244873046875	0.8462066650390625
Nexus6x05	1026349801820436	-0.001983642578125	0.0082244873046875	0.8462066650390625
Nexus6x05	1026349806276002	-0.001983642578125	0.0082244873046875	0.846221923828125
Nexus6x05	1026349810731569	-0.001983642578125	0.0081634521484375	0.8462371826171875
Nexus6x05	1026349815156618	-0.0019989013671875	0.0081787109375	0.8461761474609375
Nexus6x05	1026349819612184	-0.0019989013671875	0.0081939697265625	0.846099853515625
Nexus6x05	1026349824067750	-0.00201416015625	0.0081939697265625	0.84600830078125
Nexus6x05	1026349828523317	-0.0019989013671875	0.008209228515625	0.8459320068359375
Nexus6x05	1026349832978883	-0.00201416015625	0.0081939697265625	0.8459930419921875
Nexus6x05	1026349837434450	-0.00201416015625	0.0081939697265625	0.8460693359375
Nexus6x05	1026349841859498	-0.00201416015625	0.0081939697265625	0.846160888671875
Nexus6x05	1026349846315065	-0.0019989013671875	0.0082244873046875	0.8461151123046875
Nexus6x05	1026349850770631	-0.001983642578125	0.008209228515625	0.8460540771484375
Nexus6x05	1026349855226198	-0.0019683837890625	0.008209228515625	0.845977783203125
Nexus6x05	1026349859681764	-0.001953125	0.008209228515625	0.845947265625
Nexus6x05	1026349864137330	-0.0019683837890625	0.0081939697265625	0.845916748046875
Nexus6x05	1026349868592897	-0.0019683837890625	0.0081939697265625	0.8459014892578125
Nexus6x05	1026349873017946	-0.0019683837890625	0.0081939697265625	0.845977783203125
Nexus6x05	1026349877473512	-0.001983642578125	0.0081787109375	0.8460845947265625
Nexus6x05	1026349881898561	-0.0019683837890625	0.0081787109375	0.8462066650390625
Nexus6x05	1026349886323610	-0.0019683837890625	0.0081939697265625	0.846221923828125
Nexus6x05	1026349890748659	-0.001953125	0.0081939697265625	0.8462371826171875
Nexus6x05	1026349895173707	-0.001953125	0.0081939697265625	0.84625244140625
Nexus6x05	1026349899598756	-0.0019683837890625	0.0081939697265625	0.84625244140625
Nexus6x05	1026349904023805	-0.001983642578125	0.0081787109375	0.846221923828125
Nexus6x05	1026349908448854	-0.001983642578125	0.0081787109375	0.8461761474609375
Nexus6x05	1026349912873903	-0.0019683837890625	0.0081939697265625	0.84613037109375
Nexus6x05	1026349917298952	-0.0019683837890625	0.008209228515625	0.846160888671875
Nexus6x05	1026349921724000	-0.0019683837890625	0.008209228515625	0.84619140625
Nexus6x05	1026349926149049	-0.001983642578125	0.008209228515625	0.846221923828125
Nexus6x05	1026349930574098	-0.001983642578125	0.008209228515625	0.84619140625
Nexus6x05	1026349934999147	-0.001983642578125	0.0081939697265625	0.84613037109375
Nexus6x05	1026349939424196	-0.001983642578125	0.0081787109375	0.8460845947265625
Nexus6x05	1026349943849245	-0.0019989013671875	0.0081939697265625	0.8460693359375
Nexus6x05	1026349948274293	-0.0019989013671875	0.008209228515625	0.8460845947265625
Nexus6x05	1026349952699342	-0.001983642578125	0.00823974609375	0.846099853515625
Nexus6x05	1026349957124391	-0.0019989013671875	0.00823974609375	0.8461761474609375
Nexus6x05	1026349961549440	-0.0019989013671875	0.0082244873046875	0.8462677001953125
Nexus6x05	1026349965974489	-0.001983642578125	0.0082550048828125	0.8463592529296875
Nexus6x05	1026349970399538	-0.001983642578125	0.00823974609375	0.846466064453125
Nexus6x05	1026349974824586	-0.001983642578125	0.0082550048828125	0.8465118408203125
Nexus6x05	1026349979249635	-0.001983642578125	0.0082550048828125	0.8465576171875
Nexus6x05	1026349983674684	-0.0019989013671875	0.0082550048828125	0.846588134765625
Nexus6x05	1026349988099733	-0.00201416015625	0.0082550048828125	0.8465423583984375
Nexus6x05	1026349992524782	-0.00201416015625	0.00823974609375	0.846466064453125
Nexus6x05	1026349996949830	-0.0019989013671875	0.0082550048828125	0.8463897705078125
Nexus6x05	1026350001374879	-0.001983642578125	0.00823974609375	0.8463897705078125
Nexus6x05	1026350005799928	-0.00201416015625	0.00823974609375	0.846405029296875
Nexus6x05	1026350010224977	-0.00201416015625	0.00823974609375	0.846435546875
Nexus6x05	1026350014650026	-0.0020294189453125	0.00823974609375	0.8464202880859375
Nexus6x05	1026350019075075	-0.00201416015625	0.00823974609375	0.8463897705078125
Nexus6x05	1026350023500123	-0.00201416015625	0.0082550048828125	0.8463592529296875
Nexus6x05	1026350027925172	-0.002044677734375	0.0082550048828125	0.846282958984375
Nexus6x05	1026350032350221	-0.002044677734375	0.008270263671875	0.84619140625
Nexus6x05	1026350036775270	-0.002044677734375	0.008270263671875	0.846099853515625
Nexus6x05	1026350041200319	-0.002044677734375	0.0082855224609375	0.8459930419921875
Nexus6x05	1026350045625368	-0.002044677734375	0.0082855224609375	0.8459930419921875
Nexus6x05	1026350050050416	-0.002044677734375	0.0082855224609375	0.8459930419921875
Nexus6x05	1026350054475465	-0.0020294189453125	0.0082855224609375	0.84600830078125
Nexus6x05	1026350058900514	-0.0020294189453125	0.0082855224609375	0.8460693359375
Nexus6x05	1026350063325563	-0.002044677734375	0.0082855224609375	0.84613037109375
Nexus6x05	1026350067750612	-0.0020599365234375	0.008270263671875	0.84619140625
Nexus6x05	1026350072175661	-0.002044677734375	0.0082855224609375	0.8461456298828125
Nexus6x05	1026350076600709	-0.0020294189453125	0.0082855224609375	0.8460845947265625
Nexus6x05	1026350081025758	-0.0020294189453125	0.008270263671875	0.8460235595703125
Nexus6x05	1026350085450807	-0.00201416015625	0.008270263671875	0.8460540771484375
Nexus6x05	1026350089875856	-0.00201416015625	0.0082550048828125	0.846099853515625
Nexus6x05	1026350094300905	-0.00201416015625	0.00823974609375	0.846160888671875
Nexus6x05	1026350098725954	-0.0019378662109375	0.00823974609375	0.846221923828125
Nexus6x05	1026350103151002	-0.001922607421875	0.0082550048828125	0.8463134765625
Nexus6x05	1026350107576051	-0.001983642578125	0.0082550048828125	0.8463897705078125
Nexus6x05	1026350112001100	-0.0019683837890625	0.0082550048828125	0.846466064453125
Nexus6x05	1026350116426149	-0.001983642578125	0.008270263671875	0.846527099609375
Nexus6x05	1026350120851198	-0.0019989013671875	0.0082550048828125	0.8465728759765625
Nexus6x05	1026350125276246	-0.00201416015625	0.0082244873046875	0.84661865234375
Nexus6x05	1026350129701295	-0.00201416015625	0.0082244873046875	0.8466644287109375
Nexus6x05	1026350134126344	-0.00201416015625	0.0082244873046875	0.846710205078125
Nexus6x05	1026350138551393	-0.00201416015625	0.0082244873046875	0.8467559814453125
Nexus6x05	1026350142976442	-0.0019989013671875	0.0082244873046875	0.8467559814453125
Nexus6x05	1026350147401491	-0.0019989013671875	0.008209228515625	0.8467559814453125
Nexus6x05	1026350151826539	-0.0019989013671875	0.0081939697265625	0.846771240234375
Nexus6x05	1026350156251588	-0.001983642578125	0.0081939697265625	0.84674072265625
Nexus6x05	1026350160676637	-0.001983642578125	0.0081939697265625	0.846710205078125
Nexus6x05	1026350165101686	-0.001983642578125	0.0082244873046875	0.8466796875
Nexus6x05	1026350169526735	-0.0019989013671875	0.00823974609375	0.8466339111328125
Nexus6x05	1026350173951784	-0.00201416015625	0.008209228515625	0.8465728759765625
Nexus6x05	1026350178376832	-0.00201416015625	0.0082244873046875	0.8465118408203125
Nexus6x05	1026350182801881	-0.0019989013671875	0.008209228515625	0.8464508056640625
Nexus6x05	1026350187226930	-0.0020294189453125	0.0081939697265625	0.84649658203125
Nexus6x05	1026350191651979	-0.00201416015625	0.0081939697265625	0.8465423583984375
Nexus6x05	1026350196077028	-0.00201416015625	0.008209228515625	0.8466033935546875
Nexus6x05	1026350200502077	-0.0020294189453125	0.00823974609375	0.8466644287109375
Nexus6x05	1026350204927125	-0.0020294189453125	0.00823974609375	0.84674072265625
Nexus6x05	1026350209352174	-0.0020599365234375	0.00823974609375	0.8468017578125
Nexus6x05	1026350213777223	-0.0020599365234375	0.00823974609375	0.846832275390625
Nexus6x05	1026350218202272	-0.0020751953125	0.0082550048828125	0.8468475341796875
Nexus6x05	1026350222627321	-0.0020599365234375	0.0082550048828125	0.8468780517578125
Nexus6x05	1026350227052370	-0.0020751953125	0.00823974609375	0.846832275390625
Nexus6x05	1026350231477418	-0.0020751953125	0.00823974609375	0.8467864990234375
Nexus6x05	1026350235902467	-0.0020904541015625	0.00823974609375	0.8467254638671875
Nexus6x05	1026350240327516	-0.0020751953125	0.00823974609375	0.8467254638671875
Nexus6x05	1026350244752565	-0.002105712890625	0.0082550048828125	0.8467559814453125
Nexus6x05	1026350249177614	-0.002105712890625	0.0082550048828125	0.846771240234375
Nexus6x05	1026350253602663	-0.0021209716796875	0.0082550048828125	0.8467864990234375
Nexus6x05	1026350258027711	-0.00213623046875	0.0082550048828125	0.8467864990234375
Nexus6x05	1026350262452760	-0.002105712890625	0.008270263671875	0.846771240234375
Nexus6x05	1026350266877809	-0.002105712890625	0.0082855224609375	0.8467559814453125
Nexus6x05	1026350271302858	-0.0021209716796875	0.0082855224609375	0.8468170166015625
Nexus6x05	1026350275727907	-0.002105712890625	0.00830078125	0.8468780517578125
Nexus6x05	1026350280152955	-0.0021209716796875	0.0082855224609375	0.8469390869140625
Nexus6x05	1026350284578004	-0.0021209716796875	0.00830078125	0.846954345703125
Nexus6x05	1026350289003053	-0.0021209716796875	0.0082855224609375	0.8469390869140625
Nexus6x05	1026350293428102	-0.0021209716796875	0.0082855224609375	0.846923828125
Nexus6x05	1026350297853151	-0.00213623046875	0.00830078125	0.8470001220703125
Nexus6x05	1026350302278200	-0.0021209716796875	0.00830078125	0.8470916748046875
Nexus6x05	1026350306703248	-0.00213623046875	0.00830078125	0.84716796875
Nexus6x05	1026350311128297	-0.0021209716796875	0.00830078125	0.8471221923828125
Nexus6x05	1026350315553346	-0.002105712890625	0.00830078125	0.8470306396484375
Nexus6x05	1026350319978395	-0.0021209716796875	0.00830078125	0.8469390869140625
Nexus6x05	1026350324403444	-0.002105712890625	0.00830078125	0.8468475341796875
Nexus6x05	1026350328828493	-0.002105712890625	0.0083160400390625	0.8468780517578125
Nexus6x05	1026350333253541	-0.002105712890625	0.0083160400390625	0.8469390869140625
Nexus6x05	1026350337678590	-0.0020904541015625	0.0083160400390625	0.8470001220703125
Nexus6x05	1026350342103639	-0.002105712890625	0.008331298828125	0.847015380859375
Nexus6x05	1026350346528688	-0.002105712890625	0.008331298828125	0.847015380859375
Nexus6x05	1026350350953737	-0.0020751953125	0.008331298828125	0.847015380859375
Nexus6x05	1026350355378786	-0.0020904541015625	0.0083160400390625	0.84698486328125
Nexus6x05	1026350359803834	-0.0020751953125	0.0083160400390625	0.846954345703125
Nexus6x05	1026350364228883	-0.0020751953125	0.0083160400390625	0.8469085693359375
Nexus6x05	1026350368653932	-0.0020599365234375	0.0083160400390625	0.8468170166015625
Nexus6x05	1026350373078981	-0.0020599365234375	0.0083160400390625	0.8467254638671875
Nexus6x05	1026350377504030	-0.002044677734375	0.0083160400390625	0.8466339111328125
Nexus6x05	1026350381929079	-0.0020294189453125	0.0083160400390625	0.84661865234375
Nexus6x05	1026350386354127	-0.00201416015625	0.0083160400390625	0.84661865234375
Nexus6x05	1026350390779176	-0.00201416015625	0.0083160400390625	0.84661865234375
Nexus6x05	1026350395204225	-0.00201416015625	0.00830078125	0.84661865234375
Nexus6x05	1026350399629274	-0.0019989013671875	0.0083160400390625	0.846649169921875
Nexus6x05	1026350404054323	-0.00201416015625	0.0083160400390625	0.8466949462890625
Nexus6x05	1026350408479371	-0.00201416015625	0.0082855224609375	0.8467559814453125
Nexus6x05	1026350412904420	-0.0020294189453125	0.0082855224609375	0.8467559814453125
Nexus6x05	1026350417329469	-0.002044677734375	0.0082855224609375	0.84674072265625
Nexus6x05	1026350421754518	-0.002044677734375	0.008270263671875	0.8467254638671875
Nexus6x05	1026350426179567	-0.0020599365234375	0.0082550048828125	0.8467254638671875
Nexus6x05	1026350430604616	-0.002044677734375	0.0082550048828125	0.846710205078125
Nexus6x05	1026350435029664	-0.002044677734375	0.0082550048828125	0.846710205078125
Nexus6x05	1026350439454713	-0.0020294189453125	0.008270263671875	0.84674072265625
Nexus6x05	1026350443879762	-0.00201416015625	0.008209228515625	0.8468017578125
Nexus6x05	1026350448304811	-0.0020294189453125	0.008209228515625	0.8468475341796875
Nexus6x05	1026350452729860	-0.0020294189453125	0.0081939697265625	0.846893310546875
Nexus6x05	1026350457154909	-0.0020294189453125	0.0082244873046875	0.8469390869140625
Nexus6x05	1026350461579957	-0.0020599365234375	0.00823974609375	0.84698486328125
Nexus6x05	1026350466005006	-0.0020599365234375	0.00823974609375	0.8470458984375
Nexus6x05	1026350470430055	-0.0020599365234375	0.00823974609375	0.8470458984375
Nexus6x05	1026350474855104	-0.0020751953125	0.00823974609375	0.8470458984375
Nexus6x05	1026350479280153	-0.0020751953125	0.0082550048828125	0.8470306396484375
Nexus6x05	1026350483705202	-0.0020751953125	0.00823974609375	0.8469390869140625
Nexus6x05	1026350488130250	-0.0020599365234375	0.008270263671875	0.846832275390625
Nexus6x05	1026350492555299	-0.0020599365234375	0.0082550048828125	0.846710205078125
Nexus6x05	1026350496980348	-0.002044677734375	0.0082550048828125	0.846710205078125
Nexus6x05	1026350501405397	-0.002044677734375	0.0082550048828125	0.8467254638671875
Nexus6x05	1026350505830446	-0.002044677734375	0.00823974609375	0.84674072265625
Nexus6x05	1026350510255495	-0.002044677734375	0.008270263671875	0.8466949462890625
Nexus6x05	1026350514680543	-0.0020751953125	0.0082550048828125	0.84661865234375
Nexus6x05	1026350519105592	-0.0020904541015625	0.0082550048828125	0.8465576171875
Nexus6x05	1026350523530641	-0.0020751953125	0.008270263671875	0.8464813232421875
Nexus6x05	1026350527955690	-0.0020751953125	0.0082855224609375	0.8464202880859375
Nexus6x05	1026350532380739	-0.0020599365234375	0.008331298828125	0.8463592529296875
Nexus6x05	1026350536805788	-0.002044677734375	0.008331298828125	0.846282958984375
Nexus6x05	1026350541230836	-0.002044677734375	0.0083160400390625	0.8462982177734375
Nexus6x05	1026350545655885	-0.0019989013671875	0.008331298828125	0.8462982177734375
Nexus6x05	1026350550080934	-0.0019989013671875	0.008331298828125	0.8463287353515625
Nexus6x05	1026350554505983	-0.0019683837890625	0.0083160400390625	0.8462677001953125
Nexus6x05	1026350558931032	-0.001983642578125	0.0083160400390625	0.8461761474609375
Nexus6x05	1026350563356080	-0.0019683837890625	0.008331298828125	0.846099853515625
Nexus6x05	1026350567781129	-0.0019683837890625	0.008331298828125	0.846099853515625
Nexus6x05	1026350572206178	-0.001983642578125	0.0083160400390625	0.84613037109375
Nexus6x05	1026350576631227	-0.001983642578125	0.0083160400390625	0.8461761474609375
Nexus6x05	1026350581056276	-0.0019989013671875	0.008331298828125	0.846099853515625
Nexus6x05	1026350585481325	-0.0019989013671875	0.008331298828125	0.8459930419921875
Nexus6x05	1026350589906373	-0.001983642578125	0.0083160400390625	0.8459014892578125
Nexus6x05	1026350594331422	-0.001983642578125	0.0083160400390625	0.845855712890625
Nexus6x05	1026350598756471	-0.0019683837890625	0.0083160400390625	0.8458251953125
Nexus6x05	1026350603181520	-0.001983642578125	0.0083160400390625	0.845794677734375
Nexus6x05	1026350607606569	-0.001983642578125	0.0083160400390625	0.84576416015625
Nexus6x05	1026350612031618	-0.001983642578125	0.00830078125	0.84576416015625
Nexus6x05	1026350616456666	-0.001983642578125	0.0083160400390625	0.8457794189453125
Nexus6x05	1026350620881715	-0.001983642578125	0.0083160400390625	0.845794677734375
Nexus6x05	1026350625306764	-0.0019989013671875	0.008331298828125	0.845733642578125
Nexus6x05	1026350629731813	-0.001983642578125	0.008331298828125	0.845672607421875
Nexus6x05	1026350634156862	-0.001983642578125	0.008331298828125	0.845611572265625
Nexus6x05	1026350638581911	-0.0019683837890625	0.008331298828125	0.8455657958984375
Nexus6x05	1026350643006959	-0.001983642578125	0.0083465576171875	0.8455352783203125
Nexus6x05	1026350647432008	-0.001983642578125	0.0083465576171875	0.845489501953125
Nexus6x05	1026350651857057	-0.001983642578125	0.0083465576171875	0.8454132080078125
Nexus6x05	1026350656282106	-0.001983642578125	0.0083465576171875	0.8453216552734375
Nexus6x05	1026350660707155	-0.001983642578125	0.008331298828125	0.84521484375
Nexus6x05	1026350665132204	-0.0019683837890625	0.008331298828125	0.8452301025390625
Nexus6x05	1026350669557252	-0.001953125	0.008331298828125	0.845245361328125
Nexus6x05	1026350673982301	-0.0019683837890625	0.008331298828125	0.84527587890625
Nexus6x05	1026350678407350	-0.001953125	0.008331298828125	0.8452911376953125
Nexus6x05	1026350682832399	-0.001953125	0.0083465576171875	0.845245361328125
Nexus6x05	1026350687257448	-0.001953125	0.008331298828125	0.845184326171875
Nexus6x05	1026350691682496	-0.001953125	0.0083465576171875	0.845123291015625
Nexus6x05	1026350696107545	-0.0019378662109375	0.00836181640625	0.845184326171875
Nexus6x05	1026350700532594	-0.001953125	0.00836181640625	0.84527587890625
Nexus6x05	1026350704957643	-0.001953125	0.0083465576171875	0.845367431640625
Nexus6x05	1026350709382692	-0.0019378662109375	0.008331298828125	0.8453521728515625
Nexus6x05	1026350713807741	-0.0019378662109375	0.0083160400390625	0.845306396484375
Nexus6x05	1026350718232789	-0.001922607421875	0.0083465576171875	0.8452606201171875
Nexus6x05	1026350722657838	-0.0019378662109375	0.00836181640625	0.8452301025390625
Nexus6x05	1026350727082887	-0.0019378662109375	0.00836181640625	0.84521484375
Nexus6x05	1026350731507936	-0.0019378662109375	0.0083770751953125	0.8451995849609375
Nexus6x05	1026350735932985	-0.0019378662109375	0.0083770751953125	0.845245361328125
Nexus6x05	1026350740358034	-0.001953125	0.008392333984375	0.8453216552734375
Nexus6x05	1026350744783082	-0.0019378662109375	0.008392333984375	0.84539794921875
Nexus6x05	1026350749208131	-0.0019378662109375	0.0084075927734375	0.8454742431640625
Nexus6x05	1026350753633180	-0.0019378662109375	0.0083770751953125	0.84552001953125
Nexus6x05	1026350758058229	-0.001922607421875	0.0083770751953125	0.8455352783203125
Nexus6x05	1026350762483278	-0.0019378662109375	0.0083770751953125	0.8455657958984375
Nexus6x05	1026350766908327	-0.001953125	0.0083770751953125	0.845550537109375
Nexus6x05	1026350771333375	-0.00201416015625	0.0083770751953125	0.84552001953125
Nexus6x05	1026350775758424	-0.00201416015625	0.0083770751953125	0.845489501953125
Nexus6x05	1026350780183473	-0.00201416015625	0.008392333984375	0.8455352783203125
Nexus6x05	1026350784608522	-0.0019989013671875	0.008392333984375	0.8455810546875
Nexus6x05	1026350789033571	-0.0019989013671875	0.0083770751953125	0.84564208984375
Nexus6x05	1026350793458620	-0.00201416015625	0.0083770751953125	0.8457183837890625
Nexus6x05	1026350797883668	-0.0020294189453125	0.008392333984375	0.845794677734375
Nexus6x05	1026350802308717	-0.0019989013671875	0.008392333984375	0.845855712890625
Nexus6x05	1026350806733766	-0.00201416015625	0.008392333984375	0.845947265625
Nexus6x05	1026350811158815	-0.00201416015625	0.008392333984375	0.8460235595703125
Nexus6x05	1026350815583864	-0.0019989013671875	0.0084075927734375	0.846099853515625
Nexus6x05	1026350820008913	-0.0019989013671875	0.0084075927734375	0.8461761474609375
Nexus6x05	1026350824433961	-0.001983642578125	0.008392333984375	0.84619140625
Nexus6x05	1026350828859010	-0.0019989013671875	0.008392333984375	0.8461761474609375
Nexus6x05	1026350833284059	-0.001983642578125	0.008392333984375	0.846160888671875
Nexus6x05	1026350837709108	-0.0019989013671875	0.0084075927734375	0.846160888671875
Nexus6x05	1026350842134157	-0.001983642578125	0.0084075927734375	0.8461761474609375
Nexus6x05	1026350846559205	-0.0019683837890625	0.0084075927734375	0.84619140625
Nexus6x05	1026350850984254	-0.0019683837890625	0.0084075927734375	0.846221923828125
Nexus6x05	1026350855409303	-0.001983642578125	0.0084381103515625	0.84625244140625
Nexus6x05	1026350859834352	-0.0019683837890625	0.008453369140625	0.846282958984375
Nexus6x05	1026350864259401	-0.0019683837890625	0.0084381103515625	0.846343994140625
Nexus6x05	1026350868684450	-0.001983642578125	0.008453369140625	0.846405029296875
Nexus6x05	1026350873109498	-0.0019683837890625	0.008453369140625	0.8464813232421875
Nexus6x05	1026350877534547	-0.0020294189453125	0.0084228515625	0.846527099609375
Nexus6x05	1026350881959596	-0.002044677734375	0.0084228515625	0.846588134765625
Nexus6x05	1026350886384645	-0.002044677734375	0.008453369140625	0.846649169921875
Nexus6x05	1026350890809694	-0.002044677734375	0.0084381103515625	0.846710205078125
Nexus6x05	1026350895234743	-0.0020294189453125	0.0084228515625	0.8468475341796875
Nexus6x05	1026350899659791	-0.002044677734375	0.0084228515625	0.8470001220703125
Nexus6x05	1026350904084840	-0.0020751953125	0.0084381103515625	0.8471527099609375
Nexus6x05	1026350908509889	-0.0020751953125	0.0084228515625	0.84716796875
Nexus6x05	1026350912934938	-0.0020904541015625	0.0084381103515625	0.8471527099609375
Nexus6x05	1026350917359987	-0.0020751953125	0.0084381103515625	0.847137451171875
Nexus6x05	1026350921785036	-0.0020904541015625	0.008453369140625	0.8472137451171875
Nexus6x05	1026350926210084	-0.0020904541015625	0.0084686279296875	0.8473052978515625
Nexus6x05	1026350930635133	-0.002105712890625	0.00848388671875	0.8473968505859375
Nexus6x05	1026350935060182	-0.002105712890625	0.0084991455078125	0.847442626953125
Nexus6x05	1026350939485231	-0.0020904541015625	0.0084686279296875	0.8474578857421875
Nexus6x05	1026350943910280	-0.002105712890625	0.00848388671875	0.8474884033203125
Nexus6x05	1026350948335329	-0.002105712890625	0.00848388671875	0.84747314453125
Nexus6x05	1026350952760377	-0.002105712890625	0.00848388671875	0.8474273681640625
Nexus6x05	1026350957185426	-0.0021209716796875	0.0084686279296875	0.8473968505859375
Nexus6x05	1026350961610475	-0.002105712890625	0.0084686279296875	0.8473663330078125
Nexus6x05	1026350966035524	-0.0021209716796875	0.0084381103515625	0.847320556640625
Nexus6x05	1026350970460573	-0.0021209716796875	0.0084381103515625	0.8472900390625
Nexus6x05	1026350974885621	-0.00213623046875	0.008453369140625	0.8472442626953125
Nexus6x05	1026350979310670	-0.00213623046875	0.0084381103515625	0.847259521484375
Nexus6x05	1026350983735719	-0.0021209716796875	0.0084381103515625	0.8472747802734375
Nexus6x05	1026350988160768	-0.0021514892578125	0.0084381103515625	0.8473052978515625
Nexus6x05	1026350992585817	-0.0021514892578125	0.0084381103515625	0.847412109375
Nexus6x05	1026350997010866	-0.002166748046875	0.008453369140625	0.8475189208984375
Nexus6x05	1026351001435914	-0.0021514892578125	0.0084686279296875	0.8476409912109375
Nexus6x05	1026351005860963	-0.0021514892578125	0.0084686279296875	0.847625732421875
Nexus6x05	1026351010286012	-0.002166748046875	0.0084686279296875	0.847564697265625
Nexus6x05	1026351014711061	-0.002166748046875	0.0084686279296875	0.8474884033203125
Nexus6x05	1026351019136110	-0.002166748046875	0.0084686279296875	0.8474884033203125
Nexus6x05	1026351023561159	-0.0021820068359375	0.0084686279296875	0.847503662109375
Nexus6x05	1026351027986207	-0.0021820068359375	0.00848388671875	0.8475189208984375
Nexus6x05	1026351032411256	-0.0021820068359375	0.0084686279296875	0.8475341796875
Nexus6x05	1026351036836305	-0.002197265625	0.0084686279296875	0.8475494384765625
Nexus6x05	1026351041261354	-0.0022125244140625	0.00848388671875	0.847564697265625
Nexus6x05	1026351045686403	-0.0022125244140625	0.00848388671875	0.84759521484375
Nexus6x05	1026351050111452	-0.002227783203125	0.00848388671875	0.8475341796875
Nexus6x05	1026351054536500	-0.0022125244140625	0.00848388671875	0.84747314453125
Nexus6x05	1026351058961549	-0.0022125244140625	0.00848388671875	0.847412109375
Nexus6x05	1026351063386598	-0.0021820068359375	0.00848388671875	0.8473968505859375
Nexus6x05	1026351067811647	-0.0021820068359375	0.0084991455078125	0.847381591796875
Nexus6x05	1026351072236696	-0.0021820068359375	0.0084991455078125	0.8473663330078125
Nexus6x05	1026351076661745	-0.002166748046875	0.0084991455078125	0.84735107421875
Nexus6x05	1026351081086793	-0.002166748046875	0.0084991455078125	0.8473358154296875
Nexus6x05	1026351085511842	-0.002166748046875	0.0084991455078125	0.847320556640625
Nexus6x05	1026351089936891	-0.0021514892578125	0.008514404296875	0.8473358154296875
Nexus6x05	1026351094361940	-0.00213623046875	0.008514404296875	0.84735107421875
Nexus6x05	1026351098786989	-0.0021514892578125	0.0085296630859375	0.8473663330078125
Nexus6x05	1026351103212038	-0.002166748046875	0.008544921875	0.847381591796875
Nexus6x05	1026351107637086	-0.0021820068359375	0.008544921875	0.847381591796875
Nexus6x05	1026351112062135	-0.0021820068359375	0.0085601806640625	0.8473968505859375
Nexus6x05	1026351116487184	-0.0021820068359375	0.008575439453125	0.8473968505859375
Nexus6x05	1026351120912233	-0.002197265625	0.008575439453125	0.8473968505859375
Nexus6x05	1026351125337282	-0.0022125244140625	0.0085601806640625	0.8473968505859375
Nexus6x05	1026351129762330	-0.0022125244140625	0.0085601806640625	0.8473968505859375
Nexus6x05	1026351134187379	-0.002197265625	0.008575439453125	0.847381591796875
Nexus6x05	1026351138612428	-0.0021820068359375	0.008544921875	0.8473663330078125
Nexus6x05	1026351143037477	-0.0021820068359375	0.008544921875	0.8473663330078125
Nexus6x05	1026351147462526	-0.0021514892578125	0.0085906982421875	0.8473968505859375
Nexus6x05	1026351151887575	-0.0021514892578125	0.00860595703125	0.847442626953125
Nexus6x05	1026351156312623	-0.0021514892578125	0.0085906982421875	0.8474884033203125
Nexus6x05	1026351160737672	-0.002166748046875	0.008575439453125	0.8474273681640625
Nexus6x05	1026351165162721	-0.0021514892578125	0.008575439453125	0.8473663330078125
Nexus6x05	1026351169587770	-0.00213623046875	0.00860595703125	0.847320556640625
Nexus6x05	1026351174012819	-0.0021514892578125	0.008575439453125	0.847259521484375
Nexus6x05	1026351178437868	-0.00213623046875	0.0085601806640625	0.8472442626953125
Nexus6x05	1026351182862916	-0.00213623046875	0.008575439453125	0.84722900390625
Nexus6x05	1026351187287965	-0.002166748046875	0.0085906982421875	0.8472137451171875
Nexus6x05	1026351191713014	-0.002166748046875	0.0085906982421875	0.8472137451171875
Nexus6x05	1026351196138063	-0.002166748046875	0.008575439453125	0.84722900390625
Nexus6x05	1026351200563112	-0.002227783203125	0.008575439453125	0.8472442626953125
Nexus6x05	1026351204988161	-0.0022430419921875	0.008575439453125	0.8472442626953125
Nexus6x05	1026351209413209	-0.00225830078125	0.008575439453125	0.8472442626953125
Nexus6x05	1026351213838258	-0.0022735595703125	0.0085601806640625	0.8472442626953125
Nexus6x05	1026351218263307	-0.0022735595703125	0.0085601806640625	0.8472747802734375
Nexus6x05	1026351222688356	-0.0023193359375	0.008575439453125	0.8472747802734375
Nexus6x05	1026351227113405	-0.0023345947265625	0.0085601806640625	0.8473052978515625
Nexus6x05	1026351231538454	-0.0023193359375	0.0085906982421875	0.84735107421875
Nexus6x05	1026351235963502	-0.0023040771484375	0.0085906982421875	0.847412109375
Nexus6x05	1026351240388551	-0.0023193359375	0.008575439453125	0.8474578857421875
Nexus6x05	1026351244813600	-0.0023193359375	0.008575439453125	0.847503662109375
Nexus6x05	1026351249238649	-0.0023193359375	0.008575439453125	0.8474884033203125
Nexus6x05	1026351253663698	-0.002288818359375	0.008575439453125	0.847442626953125
Nexus6x05	1026351258088746	-0.0022735595703125	0.008575439453125	0.8473968505859375
Nexus6x05	1026351262513795	-0.00225830078125	0.0085906982421875	0.847442626953125
Nexus6x05	1026351266938844	-0.00225830078125	0.00860595703125	0.847503662109375
Nexus6x05	1026351271363893	-0.00225830078125	0.008575439453125	0.8475799560546875
Nexus6x05	1026351275788942	-0.0022430419921875	0.0085906982421875	0.84759521484375
Nexus6x05	1026351280213991	-0.0022125244140625	0.0085906982421875	0.84759521484375
Nexus6x05	1026351284639039	-0.002227783203125	0.0085906982421875	0.8476104736328125
Nexus6x05	1026351289064088	-0.0022430419921875	0.0085906982421875	0.8476104736328125
Nexus6x05	1026351293489137	-0.00225830078125	0.008575439453125	0.847625732421875
Nexus6x05	1026351297914186	-0.0022735595703125	0.0085601806640625	0.847625732421875
Nexus6x05	1026351302339235	-0.002349853515625	0.0085296630859375	0.8476409912109375
Nexus6x05	1026351306764284	-0.002349853515625	0.0085601806640625	0.84765625
Nexus6x05	1026351311189332	-0.002349853515625	0.0085601806640625	0.84765625
Nexus6x05	1026351315614381	-0.0023345947265625	0.0085601806640625	0.84765625
Nexus6x05	1026351320039430	-0.0023345947265625	0.008544921875	0.847686767578125
Nexus6x05	1026351324464479	-0.0023345947265625	0.008575439453125	0.847747802734375
Nexus6x05	1026351328889528	-0.002349853515625	0.0085906982421875	0.847808837890625
Nexus6x05	1026351333314577	-0.0023193359375	0.0085906982421875	0.8478546142578125
Nexus6x05	1026351337739625	-0.0023040771484375	0.0085601806640625	0.847900390625
Nexus6x05	1026351342164674	-0.002349853515625	0.0085296630859375	0.847930908203125
Nexus6x05	1026351346589723	-0.002349853515625	0.008514404296875	0.8479156494140625
Nexus6x05	1026351351014772	-0.0023345947265625	0.0085296630859375	0.8478851318359375
Nexus6x05	1026351355439821	-0.0023345947265625	0.0085296630859375	0.84783935546875
Nexus6x05	1026351359864870	-0.0023193359375	0.0084686279296875	0.8478546142578125
Nexus6x05	1026351364289918	-0.0023345947265625	0.00848388671875	0.847869873046875
Nexus6x05	1026351368714967	-0.0023345947265625	0.00848388671875	0.847869873046875
Nexus6x05	1026351373140016	-0.0023345947265625	0.00848388671875	0.8478240966796875
Nexus6x05	1026351377565065	-0.002349853515625	0.0084686279296875	0.8477783203125
Nexus6x05	1026351381990114	-0.0023345947265625	0.00848388671875	0.84771728515625
Nexus6x05	1026351386415163	-0.0023345947265625	0.0084686279296875	0.8476715087890625
Nexus6x05	1026351390840211	-0.0023193359375	0.0084686279296875	0.847686767578125
Nexus6x05	1026351395265260	-0.0023040771484375	0.008453369140625	0.8477020263671875
Nexus6x05	1026351399690309	-0.0023040771484375	0.0084381103515625	0.8477325439453125
Nexus6x05	1026351404115358	-0.0023193359375	0.008453369140625	0.847747802734375
Nexus6x05	1026351408540407	-0.0023040771484375	0.0084381103515625	0.847747802734375
Nexus6x05	1026351412965455	-0.0023193359375	0.008453369140625	0.8477630615234375
Nexus6x05	1026351417390504	-0.0023345947265625	0.008453369140625	0.8477783203125
Nexus6x05	1026351421815553	-0.0023193359375	0.0084381103515625	0.8477935791015625
Nexus6x05	1026351426240602	-0.0023193359375	0.0084381103515625	0.847808837890625
Nexus6x05	1026351430665651	-0.0023345947265625	0.0084228515625	0.8478546142578125
Nexus6x05	1026351435090700	-0.0023193359375	0.0084228515625	0.8479156494140625
Nexus6x05	1026351439515748	-0.0023345947265625	0.0084075927734375	0.8479766845703125
Nexus6x05	1026351443940797	-0.0023345947265625	0.0084075927734375	0.848052978515625
Nexus6x05	1026351448365846	-0.0023345947265625	0.0084228515625	0.848114013671875
Nexus6x05	1026351452790895	-0.0023193359375	0.0084381103515625	0.8481903076171875
Nexus6x05	1026351457215944	-0.0023040771484375	0.0084228515625	0.8482666015625
Nexus6x05	1026351461640993	-0.0023040771484375	0.0084381103515625	0.848297119140625
Nexus6x05	1026351466066041	-0.0023040771484375	0.0084381103515625	0.84832763671875
Nexus6x05	1026351470491090	-0.0023040771484375	0.0084381103515625	0.8483428955078125
Nexus6x05	1026351474916139	-0.0023193359375	0.008453369140625	0.84832763671875
Nexus6x05	1026351479341188	-0.0023193359375	0.008453369140625	0.8483123779296875
Nexus6x05	1026351483766237	-0.0023193359375	0.008453369140625	0.848297119140625
Nexus6x05	1026351488191286	-0.0023193359375	0.0084381103515625	0.848236083984375
Nexus6x05	1026351492616334	-0.0023345947265625	0.0084381103515625	0.848175048828125
Nexus6x05	1026351497041383	-0.0023345947265625	0.008453369140625	0.848114013671875
Nexus6x05	1026351501466432	-0.002349853515625	0.008453369140625	0.8481292724609375
Nexus6x05	1026351505891481	-0.002349853515625	0.008453369140625	0.8481597900390625
Nexus6x05	1026351510316530	-0.0023345947265625	0.0084686279296875	0.8481903076171875
Nexus6x05	1026351514741579	-0.0023345947265625	0.0084686279296875	0.8481903076171875
Nexus6x05	1026351519166627	-0.0023193359375	0.00848388671875	0.8481903076171875
Nexus6x05	1026351523591676	-0.0023345947265625	0.00848388671875	0.848175048828125
Nexus6x05	1026351528016725	-0.0023345947265625	0.00848388671875	0.848175048828125
Nexus6x05	1026351532441774	-0.0023193359375	0.00848388671875	0.848114013671875
Nexus6x05	1026351536866823	-0.0023193359375	0.0084686279296875	0.848052978515625
Nexus6x05	1026351541291871	-0.002288818359375	0.0084686279296875	0.8479766845703125
Nexus6x05	1026351545716920	-0.002288818359375	0.008453369140625	0.8479461669921875
Nexus6x05	1026351550141969	-0.0022735595703125	0.0084686279296875	0.847930908203125
Nexus6x05	1026351554567018	-0.00225830078125	0.008453369140625	0.847900390625
Nexus6x05	1026351558992067	-0.002227783203125	0.008514404296875	0.8479156494140625
Nexus6x05	1026351563417116	-0.0022430419921875	0.0084991455078125	0.8479461669921875
Nexus6x05	1026351567842164	-0.0022125244140625	0.008514404296875	0.8479766845703125
Nexus6x05	1026351572267213	-0.002197265625	0.0084686279296875	0.8480072021484375
Nexus6x05	1026351576692262	-0.002197265625	0.008453369140625	0.8480377197265625
Nexus6x05	1026351581117311	-0.002197265625	0.0084686279296875	0.8480682373046875
Nexus6x05	1026351585542360	-0.002197265625	0.0084686279296875	0.8481903076171875
Nexus6x05	1026351589967409	-0.0021820068359375	0.0084991455078125	0.8483123779296875
Nexus6x05	1026351594392457	-0.0021820068359375	0.0084991455078125	0.84844970703125
Nexus6x05	1026351598817506	-0.0021820068359375	0.0084991455078125	0.8485870361328125
Nexus6x05	1026351603242555	-0.002166748046875	0.0084991455078125	0.84857177734375
Nexus6x05	1026351607667604	-0.002166748046875	0.0084991455078125	0.8485107421875
Nexus6x05	1026351612092653	-0.0021514892578125	0.008514404296875	0.84844970703125
Nexus6x05	1026351616517702	-0.0021514892578125	0.008514404296875	0.8484954833984375
Nexus6x05	1026351620942750	-0.0021514892578125	0.0084991455078125	0.8485565185546875
Nexus6x05	1026351625367799	-0.0021514892578125	0.00848388671875	0.8486328125
Nexus6x05	1026351629792848	-0.0021820068359375	0.00848388671875	0.8486328125
Nexus6x05	1026351634217897	-0.0021820068359375	0.0084991455078125	0.8486175537109375
Nexus6x05	1026351638642946	-0.002166748046875	0.00848388671875	0.848602294921875
Nexus6x05	1026351643067995	-0.0021514892578125	0.0084686279296875	0.8485565185546875
Nexus6x05	1026351647493043	-0.0021514892578125	0.0084686279296875	0.8485260009765625
Nexus6x05	1026351651918092	-0.002166748046875	0.00848388671875	0.848480224609375
Nexus6x05	1026351656343141	-0.002197265625	0.00848388671875	0.848419189453125
Nexus6x05	1026351660768190	-0.0021820068359375	0.0084991455078125	0.848358154296875
Nexus6x05	1026351665193239	-0.0021820068359375	0.00848388671875	0.8482818603515625
Nexus6x05	1026351669618288	-0.0021514892578125	0.00848388671875	0.8482208251953125
Nexus6x05	1026351674043336	-0.0021514892578125	0.0084686279296875	0.8483123779296875
Nexus6x05	1026351678468385	-0.0021514892578125	0.0084686279296875	0.848419189453125
Nexus6x05	1026351682893434	-0.00213623046875	0.0084686279296875	0.8485260009765625
Nexus6x05	1026351687318483	-0.00213623046875	0.0084686279296875	0.8484954833984375
Nexus6x05	1026351691743532	-0.0021514892578125	0.00848388671875	0.84844970703125
Nexus6x05	1026351696168580	-0.00213623046875	0.0084686279296875	0.8483734130859375
Nexus6x05	1026351700593629	-0.00213623046875	0.0084686279296875	0.848358154296875
Nexus6x05	1026351705018678	-0.0021514892578125	0.008453369140625	0.8483428955078125
Nexus6x05	1026351709443727	-0.0021514892578125	0.008453369140625	0.8483428955078125
Nexus6x05	1026351713868776	-0.0021514892578125	0.0084686279296875	0.848358154296875
Nexus6x05	1026351718293825	-0.00213623046875	0.0084686279296875	0.8483734130859375
Nexus6x05	1026351722718873	-0.00213623046875	0.00848388671875	0.848388671875
Nexus6x05	1026351727143922	-0.00213623046875	0.0084686279296875	0.848388671875
Nexus6x05	1026351731568971	-0.00213623046875	0.0084686279296875	0.848388671875
Nexus6x05	1026351735994020	-0.0021514892578125	0.00848388671875	0.848388671875
Nexus6x05	1026351740419069	-0.0021514892578125	0.0084991455078125	0.8483734130859375
Nexus6x05	1026351744844118	-0.00213623046875	0.0084991455078125	0.8482818603515625
Nexus6x05	1026351749269166	-0.0021209716796875	0.0084991455078125	0.8481597900390625
Nexus6x05	1026351753694215	-0.0021209716796875	0.0084991455078125	0.8480377197265625
Nexus6x05	1026351758119264	-0.00213623046875	0.0084991455078125	0.8479766845703125
Nexus6x05	1026351762544313	-0.00213623046875	0.00848388671875	0.847930908203125
Nexus6x05	1026351766969362	-0.00213623046875	0.00848388671875	0.8478851318359375
Nexus6x05	1026351771394411	-0.0021514892578125	0.00848388671875	0.8479156494140625
Nexus6x05	1026351775819459	-0.00213623046875	0.0084686279296875	0.8479766845703125
Nexus6x05	1026351780244508	-0.00213623046875	0.0084686279296875	0.8480377197265625
Nexus6x05	1026351784669557	-0.00213623046875	0.0084686279296875	0.8480682373046875
Nexus6x05	1026351789094606	-0.0021209716796875	0.0084686279296875	0.8480987548828125
Nexus6x05	1026351793519655	-0.0021209716796875	0.00848388671875	0.8481292724609375
Nexus6x05	1026351797944704	-0.002105712890625	0.0084686279296875	0.8481597900390625
Nexus6x05	1026351802369752	-0.0020904541015625	0.0084686279296875	0.848175048828125
Nexus6x05	1026351806794801	-0.0020904541015625	0.0084686279296875	0.8481903076171875
Nexus6x05	1026351811219850	-0.002105712890625	0.0084686279296875	0.84820556640625
Nexus6x05	1026351815644899	-0.002105712890625	0.0084686279296875	0.848175048828125
Nexus6x05	1026351820069948	-0.002105712890625	0.00848388671875	0.8481292724609375
Nexus6x05	1026351824494996	-0.0020904541015625	0.00848388671875	0.84808349609375
Nexus6x05	1026351828920045	-0.0020904541015625	0.00848388671875	0.84808349609375
Nexus6x05	1026351833345094	-0.0021209716796875	0.00848388671875	0.84808349609375
Nexus6x05	1026351837770143	-0.0021209716796875	0.00848388671875	0.84808349609375
Nexus6x05	1026351842195192	-0.002105712890625	0.0084991455078125	0.848114013671875
Nexus6x05	1026351846620241	-0.0021209716796875	0.00848388671875	0.84814453125
Nexus6x05	1026351851045289	-0.0021209716796875	0.0084991455078125	0.848175048828125
Nexus6x05	1026351855470338	-0.002105712890625	0.0084991455078125	0.8481903076171875
Nexus6x05	1026351859895387	-0.0020751953125	0.0084991455078125	0.8481903076171875
Nexus6x05	1026351864320436	-0.0020599365234375	0.008514404296875	0.8481903076171875
Nexus6x05	1026351868745485	-0.0020599365234375	0.0084991455078125	0.848175048828125
Nexus6x05	1026351873170534	-0.002044677734375	0.00848388671875	0.8481597900390625
Nexus6x05	1026351877595582	-0.0020599365234375	0.00848388671875	0.8481597900390625
Nexus6x05	1026351882020631	-0.0020751953125	0.0084686279296875	0.84814453125
Nexus6x05	1026351886445680	-0.0020599365234375	0.008453369140625	0.8481292724609375
Nexus6x05	1026351890870729	-0.0020599365234375	0.008453369140625	0.8481292724609375
Nexus6x05	1026351895295778	-0.0020751953125	0.008453369140625	0.848114013671875
Nexus6x05	1026351899720827	-0.0020751953125	0.008453369140625	0.848052978515625
Nexus6x05	1026351904145875	-0.0020599365234375	0.008453369140625	0.847991943359375
Nexus6x05	1026351908570924	-0.0020599365234375	0.0084381103515625	0.8479156494140625
Nexus6x05	1026351912995973	-0.0020751953125	0.0084381103515625	0.8479461669921875
Nexus6x05	1026351917421022	-0.0020751953125	0.0084228515625	0.847991943359375
Nexus6x05	1026351921846071	-0.0020751953125	0.0084381103515625	0.8480377197265625
Nexus6x05	1026351926271120	-0.0020751953125	0.0084381103515625	0.84796142578125
Nexus6x05	1026351930696168	-0.0020599365234375	0.0084228515625	0.8478546142578125
Nexus6x05	1026351935121217	-0.0020751953125	0.0084228515625	0.847747802734375
Nexus6x05	1026351939546266	-0.002105712890625	0.008453369140625	0.8477325439453125
Nexus6x05	1026351943971315	-0.0021209716796875	0.008392333984375	0.84771728515625
Nexus6x05	1026351948396364	-0.002105712890625	0.0083770751953125	0.84771728515625
Nexus6x05	1026351952821413	-0.002105712890625	0.0083770751953125	0.84771728515625
Nexus6x05	1026351957246461	-0.002105712890625	0.008392333984375	0.847686767578125
Nexus6x05	1026351961671510	-0.002105712890625	0.0083770751953125	0.84765625
Nexus6x05	1026351966096559	-0.0020904541015625	0.008392333984375	0.847625732421875
Nexus6x05	1026351970521608	-0.0020751953125	0.008392333984375	0.8476409912109375
Nexus6x05	1026351974946657	-0.0020751953125	0.008392333984375	0.84765625
Nexus6x05	1026351979371705	-0.0020751953125	0.0084075927734375	0.847686767578125
Nexus6x05	1026351983796754	-0.0020751953125	0.008392333984375	0.8476104736328125
Nexus6x05	1026351988221803	-0.0020599365234375	0.00836181640625	0.8475189208984375
Nexus6x05	1026351992646852	-0.002044677734375	0.0083770751953125	0.847442626953125
Nexus6x05	1026351997071901	-0.0020599365234375	0.00836181640625	0.8474578857421875
Nexus6x05	1026352001496950	-0.002044677734375	0.0083465576171875	0.8475189208984375
Nexus6x05	1026352005921998	-0.0020294189453125	0.0083465576171875	0.847564697265625
Nexus6x05	1026352010347047	-0.002044677734375	0.008331298828125	0.84765625
Nexus6x05	1026352014772096	-0.0020599365234375	0.0083465576171875	0.847747802734375
Nexus6x05	1026352019197145	-0.002044677734375	0.00836181640625	0.84783935546875
Nexus6x05	1026352023622194	-0.002044677734375	0.0083770751953125	0.847930908203125
Nexus6x05	1026352028047243	-0.002044677734375	0.008392333984375	0.8480072021484375
Nexus6x05	1026352032472291	-0.002044677734375	0.008392333984375	0.84808349609375
Nexus6x05	1026352036897340	-0.0020599365234375	0.008392333984375	0.8481597900390625
Nexus6x05	1026352041322389	-0.0020294189453125	0.0083770751953125	0.848175048828125
Nexus6x05	1026352045747438	-0.0020294189453125	0.00836181640625	0.848175048828125
Nexus6x05	1026352050172487	-0.0020294189453125	0.00836181640625	0.848175048828125
Nexus6x05	1026352054597536	-0.002044677734375	0.00836181640625	0.8482208251953125
Nexus6x05	1026352059022584	-0.002044677734375	0.0083465576171875	0.848297119140625
Nexus6x05	1026352063447633	-0.002044677734375	0.0083160400390625	0.8483734130859375
Nexus6x05	1026352067872682	-0.0020599365234375	0.0082855224609375	0.848419189453125
Nexus6x05	1026352072297731	-0.00201416015625	0.008270263671875	0.848419189453125
Nexus6x05	1026352076722780	-0.0019989013671875	0.008270263671875	0.84844970703125
Nexus6x05	1026352081147829	-0.00201416015625	0.0082550048828125	0.848480224609375
Nexus6x05	1026352085572877	-0.00201416015625	0.00823974609375	0.848541259765625
Nexus6x05	1026352089997926	-0.00201416015625	0.00823974609375	0.8485870361328125
Nexus6x05	1026352094422975	-0.0019989013671875	0.0082244873046875	0.8486328125
Nexus6x05	1026352098848024	-0.0019989013671875	0.00823974609375	0.848602294921875
Nexus6x05	1026352103273073	-0.0019989013671875	0.00823974609375	0.84857177734375
Nexus6x05	1026352107698121	-0.0019989013671875	0.00823974609375	0.8485260009765625
Nexus6x05	1026352112123170	-0.0019989013671875	0.0082550048828125	0.8485565185546875
Nexus6x05	1026352116548219	-0.001983642578125	0.0082550048828125	0.8485870361328125
Nexus6x05	1026352120973268	-0.0019989013671875	0.00823974609375	0.8486175537109375
Nexus6x05	1026352125398317	-0.00201416015625	0.00823974609375	0.8486328125
Nexus6x05	1026352129823366	-0.0019989013671875	0.00823974609375	0.8486480712890625
Nexus6x05	1026352134248414	-0.0019989013671875	0.0082244873046875	0.848663330078125
Nexus6x05	1026352138673463	-0.00201416015625	0.0082244873046875	0.8486328125
Nexus6x05	1026352143098512	-0.00201416015625	0.0082244873046875	0.848602294921875
Nexus6x05	1026352147523561	-0.00201416015625	0.008209228515625	0.84857177734375
Nexus6x05	1026352151948610	-0.00201416015625	0.008209228515625	0.8485107421875
Nexus6x05	1026352156373659	-0.0020599365234375	0.008209228515625	0.8484344482421875
Nexus6x05	1026352160798707	-0.0020599365234375	0.0082244873046875	0.8483734130859375
Nexus6x05	1026352165223756	-0.0020751953125	0.008209228515625	0.8483123779296875
Nexus6x05	1026352169648805	-0.0020599365234375	0.0082244873046875	0.8482818603515625
Nexus6x05	1026352174073854	-0.0020599365234375	0.00823974609375	0.8482666015625
Nexus6x05	1026352178498903	-0.0020599365234375	0.00823974609375	0.8482513427734375
Nexus6x05	1026352182923952	-0.0020599365234375	0.00823974609375	0.8482208251953125
Nexus6x05	1026352187349000	-0.0020751953125	0.00823974609375	0.84820556640625
Nexus6x05	1026352191774049	-0.0020599365234375	0.0082244873046875	0.8481903076171875
Nexus6x05	1026352196199098	-0.0020599365234375	0.0082244873046875	0.848114013671875
Nexus6x05	1026352200624147	-0.0020599365234375	0.00823974609375	0.8480224609375
Nexus6x05	1026352205049196	-0.002044677734375	0.00823974609375	0.847930908203125
Nexus6x05	1026352209474245	-0.0020294189453125	0.00823974609375	0.847900390625
Nexus6x05	1026352213899293	-0.002044677734375	0.00823974609375	0.8478851318359375
Nexus6x05	1026352218324342	-0.0020599365234375	0.0082550048828125	0.847869873046875
Nexus6x05	1026352222749391	-0.0020599365234375	0.0082550048828125	0.8478546142578125
Nexus6x05	1026352227174440	-0.0020599365234375	0.0082550048828125	0.8478240966796875
Nexus6x05	1026352231599489	-0.0020599365234375	0.00823974609375	0.8477935791015625
Nexus6x05	1026352236024538	-0.0020599365234375	0.00823974609375	0.8477783203125
Nexus6x05	1026352240449586	-0.0020599365234375	0.00823974609375	0.8477935791015625
Nexus6x05	1026352244874635	-0.0021209716796875	0.0082244873046875	0.8478240966796875
Nexus6x05	1026352249299684	-0.0021209716796875	0.008209228515625	0.8478546142578125
Nexus6x05	1026352253724733	-0.0021209716796875	0.0081939697265625	0.847900390625
Nexus6x05	1026352258149782	-0.0021209716796875	0.0081939697265625	0.84796142578125
Nexus6x05	1026352262574830	-0.0021209716796875	0.0081787109375	0.8480072021484375
Nexus6x05	1026352266999879	-0.0021209716796875	0.0081787109375	0.8480072021484375
Nexus6x05	1026352271424928	-0.0021209716796875	0.0081787109375	0.8480072021484375
Nexus6x05	1026352275849977	-0.0021209716796875	0.0081634521484375	0.847991943359375
Nexus6x05	1026352280275026	-0.0021209716796875	0.0081787109375	0.8480072021484375
Nexus6x05	1026352284700075	-0.0021209716796875	0.0081634521484375	0.8480224609375
Nexus6x05	1026352289125123	-0.0020904541015625	0.008148193359375	0.8480377197265625
Nexus6x05	1026352293550172	-0.0020904541015625	0.0081329345703125	0.8480224609375
Nexus6x05	1026352297975221	-0.0020904541015625	0.008148193359375	0.8480224609375
Nexus6x05	1026352302400270	-0.0020751953125	0.0081329345703125	0.8480224609375
Nexus6x05	1026352306825319	-0.0020599365234375	0.0081329345703125	0.8480072021484375
Nexus6x05	1026352311250368	-0.0020751953125	0.008148193359375	0.847930908203125
Nexus6x05	1026352315675416	-0.002044677734375	0.0081329345703125	0.8478546142578125
Nexus6x05	1026352320100465	-0.002044677734375	0.008148193359375	0.8477630615234375
Nexus6x05	1026352324525514	-0.0020599365234375	0.008148193359375	0.847808837890625
Nexus6x05	1026352328950563	-0.002044677734375	0.008148193359375	0.847869873046875
Nexus6x05	1026352333375612	-0.0020294189453125	0.008148193359375	0.8479461669921875
Nexus6x05	1026352337800661	-0.0020294189453125	0.0081329345703125	0.848052978515625
Nexus6x05	1026352342225709	-0.00201416015625	0.0081329345703125	0.8481597900390625
Nexus6x05	1026352346650758	-0.0019989013671875	0.0081329345703125	0.8482666015625
Nexus6x05	1026352351075807	-0.001983642578125	0.00811767578125	0.8483428955078125
Nexus6x05	1026352355500856	-0.001983642578125	0.0081329345703125	0.848419189453125
Nexus6x05	1026352359925905	-0.001983642578125	0.0081329345703125	0.8484954833984375
Nexus6x05	1026352364350954	-0.001983642578125	0.0081329345703125	0.8485260009765625
Nexus6x05	1026352368776002	-0.0019683837890625	0.00811767578125	0.848541259765625
Nexus6x05	1026352373201051	-0.001953125	0.0081024169921875	0.8485565185546875
Nexus6x05	1026352377626100	-0.001953125	0.00811767578125	0.8485870361328125
Nexus6x05	1026352382051149	-0.001953125	0.00811767578125	0.8485565185546875
Nexus6x05	1026352386476198	-0.001953125	0.00811767578125	0.8485107421875
Nexus6x05	1026352390901246	-0.001953125	0.00811767578125	0.848480224609375
Nexus6x05	1026352395326295	-0.001953125	0.0081024169921875	0.8484344482421875
Nexus6x05	1026352399751344	-0.001953125	0.0081024169921875	0.848388671875
Nexus6x05	1026352404176393	-0.0019683837890625	0.00811767578125	0.8483428955078125
Nexus6x05	1026352408601442	-0.0019683837890625	0.008148193359375	0.848358154296875
Nexus6x05	1026352413026491	-0.0019683837890625	0.0081329345703125	0.848388671875
Nexus6x05	1026352417451539	-0.0019683837890625	0.0081329345703125	0.8484344482421875
Nexus6x05	1026352421876588	-0.0019683837890625	0.00811767578125	0.8484039306640625
Nexus6x05	1026352426301637	-0.0019683837890625	0.008087158203125	0.848358154296875
Nexus6x05	1026352430726686	-0.001983642578125	0.008087158203125	0.8483123779296875
Nexus6x05	1026352435151735	-0.001983642578125	0.008087158203125	0.8482818603515625
Nexus6x05	1026352439576784	-0.001983642578125	0.0080718994140625	0.8482513427734375
Nexus6x05	1026352444001832	-0.0019989013671875	0.008056640625	0.848236083984375
Nexus6x05	1026352448426881	-0.0019989013671875	0.0080413818359375	0.8482208251953125
Nexus6x05	1026352452851930	-0.001983642578125	0.0080413818359375	0.8481292724609375
Nexus6x05	1026352457276979	-0.0019989013671875	0.008026123046875	0.8480377197265625
Nexus6x05	1026352461702028	-0.0019989013671875	0.0080108642578125	0.8479461669921875
Nexus6x05	1026352466127077	-0.001983642578125	0.0080108642578125	0.8479766845703125
Nexus6x05	1026352470552125	-0.0019989013671875	0.00799560546875	0.8480224609375
Nexus6x05	1026352474977174	-0.0019989013671875	0.00799560546875	0.84808349609375
Nexus6x05	1026352479402223	-0.001983642578125	0.00799560546875	0.848052978515625
Nexus6x05	1026352483827272	-0.0019683837890625	0.00799560546875	0.8480072021484375
Nexus6x05	1026352488252321	-0.0019683837890625	0.00799560546875	0.84796142578125
Nexus6x05	1026352492677370	-0.001953125	0.0079803466796875	0.8480072021484375
Nexus6x05	1026352497102418	-0.0019378662109375	0.0079803466796875	0.8480377197265625
Nexus6x05	1026352501527467	-0.001953125	0.0079803466796875	0.84808349609375
Nexus6x05	1026352505952516	-0.0019378662109375	0.00799560546875	0.84808349609375
Nexus6x05	1026352510377565	-0.0019378662109375	0.0079803466796875	0.84808349609375
Nexus6x05	1026352514802614	-0.0019378662109375	0.0079803466796875	0.84808349609375
Nexus6x05	1026352519227663	-0.0019378662109375	0.0079803466796875	0.84808349609375
Nexus6x05	1026352523652711	-0.0019378662109375	0.0079803466796875	0.8481597900390625
Nexus6x05	1026352528077760	-0.001922607421875	0.007965087890625	0.848236083984375
Nexus6x05	1026352532502809	-0.001922607421875	0.007965087890625	0.84832763671875
Nexus6x05	1026352536927858	-0.001922607421875	0.0079803466796875	0.8483123779296875
Nexus6x05	1026352541352907	-0.0019073486328125	0.0079803466796875	0.8482818603515625
Nexus6x05	1026352545777955	-0.001922607421875	0.007965087890625	0.8482513427734375
Nexus6x05	1026352550203004	-0.001922607421875	0.007965087890625	0.8482666015625
Nexus6x05	1026352554628053	-0.001922607421875	0.007965087890625	0.8482818603515625
Nexus6x05	1026352559053102	-0.0019073486328125	0.007965087890625	0.8483123779296875
Nexus6x05	1026352563478151	-0.001922607421875	0.007965087890625	0.848358154296875
Nexus6x05	1026352567933717	-0.001922607421875	0.007965087890625	0.848388671875
Nexus6x05	1026352572358766	-0.0019073486328125	0.007965087890625	0.8484344482421875
Nexus6x05	1026352576814332	-0.001922607421875	0.007965087890625	0.84844970703125
Nexus6x05	1026352581239381	-0.0019073486328125	0.007965087890625	0.84844970703125
Nexus6x05	1026352585694948	-0.001922607421875	0.0079498291015625	0.8484649658203125
Nexus6x05	1026352590119996	-0.0019073486328125	0.0079498291015625	0.8484649658203125
Nexus6x05	1026352594575563	-0.0019073486328125	0.0079498291015625	0.8484954833984375
Nexus6x05	1026352599000612	-0.0019073486328125	0.007965087890625	0.8485260009765625
Nexus6x05	1026352603456178	-0.0019073486328125	0.0079803466796875	0.8485565185546875
Nexus6x05	1026352607881227	-0.001922607421875	0.00799560546875	0.848480224609375
Nexus6x05	1026352612336793	-0.001922607421875	0.0080108642578125	0.8483734130859375
Nexus6x05	1026352616761842	-0.001922607421875	0.00799560546875	0.8482666015625
Nexus6x05	1026352621186891	-0.0019378662109375	0.00799560546875	0.848175048828125
Nexus6x05	1026352625642457	-0.001922607421875	0.0080108642578125	0.8480987548828125
Nexus6x05	1026352630067506	-0.001922607421875	0.008026123046875	0.8480072021484375
Nexus6x05	1026352634523073	-0.0019378662109375	0.008026123046875	0.8480072021484375
Nexus6x05	1026352638948121	-0.0019378662109375	0.008026123046875	0.8480377197265625
Nexus6x05	1026352643403688	-0.001953125	0.00799560546875	0.8480682373046875
Nexus6x05	1026352647828737	-0.001953125	0.0080108642578125	0.8480072021484375
Nexus6x05	1026352652284303	-0.0019378662109375	0.0080108642578125	0.8479156494140625
Nexus6x05	1026352656709352	-0.0019378662109375	0.0080108642578125	0.84783935546875
Nexus6x05	1026352661164918	-0.001922607421875	0.0080108642578125	0.847747802734375
Nexus6x05	1026352665589967	-0.001922607421875	0.0080108642578125	0.847686767578125
Nexus6x05	1026352670045534	-0.0019378662109375	0.00799560546875	0.8476409912109375
Nexus6x05	1026352674470582	-0.001953125	0.00799560546875	0.8475799560546875
Nexus6x05	1026352678895631	-0.0019683837890625	0.0080108642578125	0.8476104736328125
Nexus6x05	1026352683351198	-0.0019683837890625	0.0080108642578125	0.84765625
Nexus6x05	1026352687776246	-0.001953125	0.0080108642578125	0.847686767578125
Nexus6x05	1026352692231813	-0.0019378662109375	0.0080108642578125	0.8477020263671875
Nexus6x05	1026352696656862	-0.0019378662109375	0.0080108642578125	0.8477020263671875
Nexus6x05	1026352701112428	-0.0019378662109375	0.008026123046875	0.8477020263671875
Nexus6x05	1026352705537477	-0.0019683837890625	0.0080108642578125	0.847747802734375
Nexus6x05	1026352709993043	-0.0019683837890625	0.0080108642578125	0.8477935791015625
Nexus6x05	1026352714418092	-0.002044677734375	0.0080108642578125	0.8478546142578125
Nexus6x05	1026352718873659	-0.002044677734375	0.0080108642578125	0.847869873046875
Nexus6x05	1026352723298707	-0.002044677734375	0.0080108642578125	0.847900390625
Nexus6x05	1026352727754274	-0.0020599365234375	0.008026123046875	0.8479156494140625
Nexus6x05	1026352732179323	-0.0020294189453125	0.0080108642578125	0.847930908203125
Nexus6x05	1026352736604371	-0.0020294189453125	0.0080108642578125	0.847900390625
Nexus6x05	1026352741059938	-0.00201416015625	0.0080108642578125	0.8478546142578125
Nexus6x05	1026352745484987	-0.00201416015625	0.0080108642578125	0.8478240966796875
Nexus6x05	1026352749940553	-0.0020599365234375	0.00799560546875	0.847869873046875
Nexus6x05	1026352754365602	-0.002044677734375	0.00799560546875	0.8479156494140625
Nexus6x05	1026352758821168	-0.002044677734375	0.00799560546875	0.8479766845703125
Nexus6x05	1026352763246217	-0.002044677734375	0.00799560546875	0.8480072021484375
Nexus6x05	1026352767701784	-0.0020599365234375	0.00799560546875	0.8480224609375
Nexus6x05	1026352772126832	-0.0020599365234375	0.0080108642578125	0.848052978515625
Nexus6x05	1026352776582399	-0.002044677734375	0.00799560546875	0.848052978515625
Nexus6x05	1026352781007448	-0.002044677734375	0.0080108642578125	0.8480377197265625
Nexus6x05	1026352785463014	-0.002044677734375	0.0080108642578125	0.8480377197265625
Nexus6x05	1026352789888063	-0.0020599365234375	0.008026123046875	0.847991943359375
Nexus6x05	1026352794313112	-0.0020599365234375	0.0080108642578125	0.847930908203125
Nexus6x05	1026352798768678	-0.0020599365234375	0.00799560546875	0.8478851318359375
Nexus6x05	1026352803193727	-0.0020294189453125	0.0079803466796875	0.8478240966796875
Nexus6x05	1026352807649293	-0.0020294189453125	0.00799560546875	0.84783935546875
Nexus6x05	1026352812074342	-0.0020294189453125	0.0079803466796875	0.847869873046875
Nexus6x05	1026352816529909	-0.0020294189453125	0.00799560546875	0.847900390625
