displayname	timestamp	x	y	z
Nexus5x01	2795130766000	0.0	-0.001065264455974102	0.001065264455974102
Nexus5x01	2795135790000	-0.002130528911948204	-0.001065264455974102	0.003195793367922306
Nexus5x01	2795140846000	0.001065264455974102	-0.004261057823896408	-0.004261057823896408
Nexus5x01	2795145902000	0.012783173471689224	-0.007456851191818714	0.0
Nexus5x01	2795151002000	-0.008522115647792816	-0.00532632227987051	0.001065264455974102
Nexus5x01	2795156026000	0.006391586735844612	-0.003195793367922306	-0.002130528911948204
Nexus5x01	2795161082000	0.003195793367922306	0.0	-0.009587380103766918
Nexus5x01	2795166138000	-0.001065264455974102	-0.009587380103766918	0.00532632227987051
Nexus5x01	2795171248000	0.003195793367922306	-0.007456851191818714	-0.007456851191818714
Nexus5x01	2795176272000	0.013848437927663326	-0.01065264455974102	-0.007456851191818714
Nexus5x01	2795181328000	0.00532632227987051	-0.002130528911948204	0.00532632227987051
Nexus5x01	2795186384000	0.00532632227987051	0.00532632227987051	0.003195793367922306
Nexus5x01	2795191491000	0.002130528911948204	-0.003195793367922306	0.002130528911948204
Nexus5x01	2795196515000	-0.003195793367922306	-0.002130528911948204	-0.00532632227987051
Nexus5x01	2795201571000	0.004261057823896408	-0.001065264455974102	0.0
Nexus5x01	2795206627000	-0.009587380103766918	0.001065264455974102	-0.001065264455974102
Nexus5x01	2795211746000	-0.001065264455974102	-0.00532632227987051	0.002130528911948204
Nexus5x01	2795216770000	0.003195793367922306	-0.001065264455974102	-0.007456851191818714
Nexus5x01	2795221826000	0.0	-0.002130528911948204	-0.001065264455974102
Nexus5x01	2795226882000	0.0	-0.007456851191818714	-0.00532632227987051
Nexus5x01	2795232019000	-0.01065264455974102	0.0	-0.002130528911948204
Nexus5x01	2795237043000	0.008522115647792816	-0.003195793367922306	-0.00532632227987051
Nexus5x01	2795242099000	-0.002130528911948204	0.001065264455974102	-0.006391586735844612
Nexus5x01	2795247155000	0.001065264455974102	0.001065264455974102	-0.002130528911948204
Nexus5x01	2795252263000	-0.00532632227987051	-0.002130528911948204	-0.004261057823896408
Nexus5x01	2795257287000	0.007456851191818714	-0.001065264455974102	-0.008522115647792816
Nexus5x01	2795262343000	0.004261057823896408	0.002130528911948204	0.002130528911948204
Nexus5x01	2795267399000	0.002130528911948204	0.001065264455974102	-0.006391586735844612
Nexus5x01	2795272504000	-0.004261057823896408	-0.001065264455974102	-0.004261057823896408
Nexus5x01	2795277528000	0.004261057823896408	-0.003195793367922306	0.001065264455974102
Nexus5x01	2795282584000	0.003195793367922306	0.0	0.00532632227987051
Nexus5x01	2795287640000	0.01065264455974102	-0.003195793367922306	-0.003195793367922306
Nexus5x01	2795292746000	-0.008522115647792816	0.003195793367922306	-0.001065264455974102
Nexus5x01	2795297770000	0.002130528911948204	0.009587380103766918	0.001065264455974102
Nexus5x01	2795302826000	0.012783173471689224	-0.007456851191818714	-0.009587380103766918
Nexus5x01	2795307882000	0.006391586735844612	-0.006391586735844612	0.001065264455974102
Nexus5x01	2795312997000	0.01065264455974102	-0.004261057823896408	-0.008522115647792816
Nexus5x01	2795318021000	0.004261057823896408	-0.008522115647792816	-0.006391586735844612
Nexus5x01	2795323077000	-0.003195793367922306	0.0	0.011717909015715122
Nexus5x01	2795328133000	0.001065264455974102	-0.004261057823896408	-0.007456851191818714
Nexus5x01	2795333514000	0.00532632227987051	0.0	-0.00532632227987051
Nexus5x01	2795338538000	0.004261057823896408	-0.001065264455974102	-0.01065264455974102
Nexus5x01	2795343594000	0.003195793367922306	-0.011717909015715122	-0.001065264455974102
Nexus5x01	2795348682000	0.008522115647792816	-0.00532632227987051	-0.006391586735844612
Nexus5x01	2795353790000	0.0	-0.004261057823896408	-0.00532632227987051
Nexus5x01	2795358814000	0.003195793367922306	0.001065264455974102	0.002130528911948204
Nexus5x01	2795363870000	0.0	-0.011717909015715122	-0.008522115647792816
Nexus5x01	2795368958000	-0.006391586735844612	0.007456851191818714	-0.006391586735844612
Nexus5x01	2795374070000	0.004261057823896408	0.0	-0.003195793367922306
Nexus5x01	2795379094000	0.00532632227987051	-0.006391586735844612	-0.006391586735844612
Nexus5x01	2795384150000	0.008522115647792816	-0.00532632227987051	-0.00532632227987051
Nexus5x01	2795389238000	0.006391586735844612	0.004261057823896408	-0.003195793367922306
Nexus5x01	2795394337000	0.001065264455974102	0.0	-0.00532632227987051
Nexus5x01	2795399361000	0.002130528911948204	0.003195793367922306	-0.009587380103766918
Nexus5x01	2795404417000	0.006391586735844612	-0.002130528911948204	-0.004261057823896408
Nexus5x01	2795409505000	-0.007456851191818714	0.00532632227987051	-0.003195793367922306
Nexus5x01	2795414634000	0.001065264455974102	0.003195793367922306	-0.007456851191818714
Nexus5x01	2795419658000	-0.001065264455974102	-0.002130528911948204	-0.002130528911948204
Nexus5x01	2795424714000	-0.001065264455974102	-0.008522115647792816	0.00532632227987051
Nexus5x01	2795429802000	-0.002130528911948204	0.0	0.0
Nexus5x01	2795434921000	0.001065264455974102	-0.00532632227987051	-0.002130528911948204
Nexus5x01	2795439945000	0.0	-0.004261057823896408	0.0
Nexus5x01	2795445001000	0.003195793367922306	-0.002130528911948204	-0.003195793367922306
Nexus5x01	2795450089000	-0.002130528911948204	0.006391586735844612	0.002130528911948204
Nexus5x01	2795455196000	0.0	0.0	0.00532632227987051
Nexus5x01	2795460220000	0.003195793367922306	0.003195793367922306	0.004261057823896408
Nexus5x01	2795465276000	0.001065264455974102	0.003195793367922306	-0.007456851191818714
Nexus5x01	2795470364000	0.0	0.004261057823896408	0.002130528911948204
Nexus5x01	2795475477000	0.00532632227987051	0.0	-0.001065264455974102
Nexus5x01	2795480501000	-0.002130528911948204	0.00532632227987051	0.004261057823896408
Nexus5x01	2795485557000	0.004261057823896408	-0.00532632227987051	0.001065264455974102
Nexus5x01	2795490645000	0.008522115647792816	-0.008522115647792816	-0.002130528911948204
Nexus5x01	2795495749000	0.002130528911948204	0.00532632227987051	-0.003195793367922306
Nexus5x01	2795500773000	0.00532632227987051	0.003195793367922306	-0.002130528911948204
Nexus5x01	2795505829000	0.004261057823896408	-0.002130528911948204	-0.001065264455974102
Nexus5x01	2795510917000	0.002130528911948204	0.001065264455974102	-0.00532632227987051
Nexus5x01	2795515974000	0.002130528911948204	0.0	-0.006391586735844612
Nexus5x01	2795520998000	-0.001065264455974102	-0.004261057823896408	-0.007456851191818714
Nexus5x01	2795526054000	-0.00532632227987051	-0.001065264455974102	-0.001065264455974102
Nexus5x01	2795531142000	-0.004261057823896408	-0.003195793367922306	0.00532632227987051
Nexus5x01	2795536203000	-0.007456851191818714	-0.00532632227987051	-0.007456851191818714
Nexus5x01	2795541227000	-0.00532632227987051	-0.006391586735844612	0.001065264455974102
Nexus5x01	2795546283000	0.001065264455974102	0.004261057823896408	-0.001065264455974102
Nexus5x01	2795551371000	0.002130528911948204	-0.00532632227987051	0.003195793367922306
Nexus5x01	2795556473000	0.00532632227987051	-0.01065264455974102	-0.002130528911948204
Nexus5x01	2795561497000	0.006391586735844612	-0.004261057823896408	0.002130528911948204
Nexus5x01	2795566553000	0.003195793367922306	0.006391586735844612	-0.003195793367922306
Nexus5x01	2795571641000	0.008522115647792816	-0.00532632227987051	-0.00532632227987051
Nexus5x01	2795576741000	-0.002130528911948204	-0.001065264455974102	-0.001065264455974102
Nexus5x01	2795581765000	0.00532632227987051	0.0	-0.001065264455974102
Nexus5x01	2795586821000	0.004261057823896408	-0.00532632227987051	-0.001065264455974102
Nexus5x01	2795591909000	0.01065264455974102	-0.004261057823896408	-0.003195793367922306
Nexus5x01	2795597012000	-0.004261057823896408	-0.008522115647792816	-0.006391586735844612
Nexus5x01	2795602036000	-0.001065264455974102	-0.003195793367922306	-0.001065264455974102
Nexus5x01	2795607092000	0.002130528911948204	0.00532632227987051	-0.006391586735844612
Nexus5x01	2795612180000	-0.003195793367922306	-0.009587380103766918	-0.004261057823896408
Nexus5x01	2795617287000	-0.003195793367922306	0.001065264455974102	-0.007456851191818714
Nexus5x01	2795622311000	-0.002130528911948204	0.002130528911948204	0.001065264455974102
Nexus5x01	2795627367000	0.002130528911948204	0.00532632227987051	0.004261057823896408
Nexus5x01	2795632455000	0.004261057823896408	0.002130528911948204	-0.003195793367922306
Nexus5x01	2795637497000	-0.008522115647792816	-0.007456851191818714	-0.002130528911948204
Nexus5x01	2795642521000	0.00532632227987051	-0.00532632227987051	-0.001065264455974102
Nexus5x01	2795647577000	-0.004261057823896408	-0.00532632227987051	-0.001065264455974102
Nexus5x01	2795652665000	0.004261057823896408	0.0	0.0
Nexus5x01	2795657764000	-0.007456851191818714	0.0	-0.004261057823896408
Nexus5x01	2795662788000	-0.003195793367922306	-0.003195793367922306	-0.006391586735844612
Nexus5x01	2795667844000	-0.009587380103766918	0.008522115647792816	-0.003195793367922306
Nexus5x01	2795672932000	0.006391586735844612	0.008522115647792816	0.003195793367922306
Nexus5x01	2795678026000	0.002130528911948204	0.0	-0.002130528911948204
Nexus5x01	2795683050000	-0.004261057823896408	0.001065264455974102	0.004261057823896408
Nexus5x01	2795688106000	0.001065264455974102	-0.008522115647792816	-0.008522115647792816
Nexus5x01	2795693194000	0.00532632227987051	0.004261057823896408	-0.002130528911948204
Nexus5x01	2795698291000	0.004261057823896408	-0.004261057823896408	-0.01065264455974102
Nexus5x01	2795703315000	0.009587380103766918	-0.001065264455974102	-0.006391586735844612
Nexus5x01	2795708371000	-0.002130528911948204	0.0	0.0
Nexus5x01	2795713459000	0.00532632227987051	-0.002130528911948204	-0.002130528911948204
Nexus5x01	2795718557000	0.001065264455974102	0.0	-0.00532632227987051
Nexus5x01	2795723581000	0.015978965908288956	-0.006391586735844612	-0.001065264455974102
Nexus5x01	2795728637000	0.01065264455974102	-0.002130528911948204	-0.003195793367922306
Nexus5x01	2795733725000	-0.001065264455974102	-0.004261057823896408	0.002130528911948204
Nexus5x01	2795738768000	0.004261057823896408	-0.006391586735844612	-0.003195793367922306
Nexus5x01	2795743792000	0.007456851191818714	-0.007456851191818714	-0.006391586735844612
Nexus5x01	2795748848000	0.006391586735844612	-0.01065264455974102	-0.009587380103766918
Nexus5x01	2795753904000	-0.009587380103766918	-0.00532632227987051	-0.004261057823896408
Nexus5x01	2795759021000	0.013848437927663326	0.0	-0.002130528911948204
Nexus5x01	2795764045000	0.0	0.004261057823896408	-0.002130528911948204
Nexus5x01	2795769101000	0.001065264455974102	0.0	0.0
Nexus5x01	2795774157000	0.002130528911948204	-0.001065264455974102	0.00532632227987051
Nexus5x01	2795779287000	0.006391586735844612	0.0	0.004261057823896408
Nexus5x01	2795784311000	0.00532632227987051	0.006391586735844612	-0.006391586735844612
Nexus5x01	2795789367000	-0.00532632227987051	0.00532632227987051	-0.003195793367922306
Nexus5x01	2795794423000	0.008522115647792816	-0.00532632227987051	-0.00532632227987051
Nexus5x01	2795799535000	0.00532632227987051	-0.004261057823896408	-0.001065264455974102
Nexus5x01	2795804559000	-0.008522115647792816	-0.002130528911948204	-0.004261057823896408
Nexus5x01	2795809615000	-0.001065264455974102	-0.00532632227987051	-0.001065264455974102
Nexus5x01	2795814671000	-0.004261057823896408	-0.001065264455974102	-0.00532632227987051
Nexus5x01	2795819799000	0.008522115647792816	-0.004261057823896408	-0.001065264455974102
Nexus5x01	2795824823000	0.00532632227987051	-0.003195793367922306	0.0
Nexus5x01	2795829879000	0.002130528911948204	-0.002130528911948204	0.001065264455974102
Nexus5x01	2795834935000	0.006391586735844612	0.001065264455974102	-0.007456851191818714
Nexus5x01	2795840066000	0.002130528911948204	0.00532632227987051	0.006391586735844612
Nexus5x01	2795845090000	0.004261057823896408	0.001065264455974102	-0.001065264455974102
Nexus5x01	2795850146000	-0.001065264455974102	0.0	-0.004261057823896408
Nexus5x01	2795855202000	0.007456851191818714	-0.004261057823896408	0.001065264455974102
Nexus5x01	2795860334000	0.0	0.002130528911948204	-0.002130528911948204
Nexus5x01	2795865358000	0.003195793367922306	-0.001065264455974102	-0.003195793367922306
Nexus5x01	2795870414000	-0.003195793367922306	0.001065264455974102	0.004261057823896408
Nexus5x01	2795875470000	-0.004261057823896408	0.001065264455974102	0.0
Nexus5x01	2795880599000	0.008522115647792816	0.003195793367922306	-0.006391586735844612
Nexus5x01	2795885623000	-0.001065264455974102	-0.001065264455974102	0.001065264455974102
Nexus5x01	2795890679000	0.007456851191818714	-0.00532632227987051	-0.003195793367922306
Nexus5x01	2795895735000	0.0	-0.00532632227987051	-0.007456851191818714
Nexus5x01	2795900864000	-0.002130528911948204	-0.002130528911948204	0.0
Nexus5x01	2795905888000	0.002130528911948204	-0.006391586735844612	-0.001065264455974102
Nexus5x01	2795910944000	-0.003195793367922306	-0.003195793367922306	-0.002130528911948204
Nexus5x01	2795916000000	0.008522115647792816	-0.001065264455974102	0.001065264455974102
Nexus5x01	2795921114000	0.001065264455974102	-0.007456851191818714	-0.004261057823896408
Nexus5x01	2795926138000	0.0	-0.008522115647792816	0.001065264455974102
Nexus5x01	2795931194000	0.0	-0.006391586735844612	-0.008522115647792816
Nexus5x01	2795936250000	0.0	0.001065264455974102	-0.008522115647792816
Nexus5x01	2795941332000	-0.003195793367922306	-0.002130528911948204	-0.004261057823896408
Nexus5x01	2795946356000	0.001065264455974102	0.008522115647792816	-0.00532632227987051
Nexus5x01	2795951412000	0.001065264455974102	-0.002130528911948204	-0.004261057823896408
Nexus5x01	2795956468000	0.0	-0.00532632227987051	-0.008522115647792816
Nexus5x01	2795961587000	0.008522115647792816	-0.002130528911948204	-0.004261057823896408
Nexus5x01	2795966611000	0.001065264455974102	-0.003195793367922306	-0.004261057823896408
Nexus5x01	2795971667000	-0.009587380103766918	0.0	-0.00532632227987051
Nexus5x01	2795976723000	-0.002130528911948204	0.002130528911948204	0.001065264455974102
Nexus5x01	2795981835000	0.002130528911948204	-0.00532632227987051	-0.003195793367922306
Nexus5x01	2795986859000	-0.003195793367922306	-0.001065264455974102	0.002130528911948204
Nexus5x01	2795991915000	0.0	-0.003195793367922306	0.008522115647792816
Nexus5x01	2795996971000	0.0	-0.007456851191818714	0.0
Nexus5x01	2796002100000	0.001065264455974102	-0.001065264455974102	-0.002130528911948204
Nexus5x01	2796007124000	0.012783173471689224	0.0	0.004261057823896408
Nexus5x01	2796012180000	-0.007456851191818714	-0.012783173471689224	-0.002130528911948204
Nexus5x01	2796017236000	0.00532632227987051	-0.001065264455974102	0.003195793367922306
Nexus5x01	2796022362000	-0.006391586735844612	-0.003195793367922306	-0.003195793367922306
Nexus5x01	2796027386000	0.001065264455974102	-0.014913702383637428	-0.008522115647792816
Nexus5x01	2796032442000	-0.003195793367922306	-0.006391586735844612	0.006391586735844612
Nexus5x01	2796037498000	0.00532632227987051	-0.008522115647792816	0.004261057823896408
Nexus5x01	2796042569000	0.002130528911948204	-0.00532632227987051	-0.00532632227987051
Nexus5x01	2796047593000	0.002130528911948204	0.002130528911948204	-0.002130528911948204
Nexus5x01	2796052649000	-0.006391586735844612	-0.003195793367922306	-0.003195793367922306
Nexus5x01	2796057705000	-0.003195793367922306	-0.007456851191818714	-0.008522115647792816
Nexus5x01	2796062829000	0.008522115647792816	-0.009587380103766918	-0.007456851191818714
Nexus5x01	2796067853000	0.002130528911948204	-0.001065264455974102	0.0
Nexus5x01	2796072909000	-0.001065264455974102	-0.004261057823896408	0.003195793367922306
Nexus5x01	2796077965000	-0.004261057823896408	-0.002130528911948204	0.0
Nexus5x01	2796083101000	-0.001065264455974102	0.0	0.008522115647792816
Nexus5x01	2796088125000	0.004261057823896408	-0.004261057823896408	-0.008522115647792816
Nexus5x01	2796093181000	0.003195793367922306	0.0	0.001065264455974102
Nexus5x01	2796098237000	0.003195793367922306	-0.004261057823896408	-0.002130528911948204
Nexus5x01	2796103360000	-0.001065264455974102	0.008522115647792816	0.003195793367922306
Nexus5x01	2796108384000	0.001065264455974102	0.002130528911948204	0.003195793367922306
Nexus5x01	2796113440000	-0.002130528911948204	0.002130528911948204	-0.003195793367922306
Nexus5x01	2796118496000	0.002130528911948204	0.003195793367922306	0.001065264455974102
Nexus5x01	2796123639000	0.006391586735844612	-0.001065264455974102	-0.006391586735844612
Nexus5x01	2796128663000	0.003195793367922306	-0.001065264455974102	-0.001065264455974102
Nexus5x01	2796133719000	0.006391586735844612	-0.00532632227987051	-0.007456851191818714
Nexus5x01	2796138775000	0.002130528911948204	-0.004261057823896408	0.002130528911948204
Nexus5x01	2796143864000	0.003195793367922306	0.002130528911948204	0.0
Nexus5x01	2796148888000	0.007456851191818714	-0.004261057823896408	-0.00532632227987051
Nexus5x01	2796153944000	-0.001065264455974102	0.00532632227987051	0.001065264455974102
Nexus5x01	2796159000000	-0.002130528911948204	-0.006391586735844612	-0.008522115647792816
Nexus5x01	2796164118000	-0.007456851191818714	-0.006391586735844612	0.0
Nexus5x01	2796169142000	0.003195793367922306	-0.006391586735844612	0.0
Nexus5x01	2796174198000	-0.001065264455974102	-0.00532632227987051	0.0
Nexus5x01	2796179254000	0.006391586735844612	0.006391586735844612	-0.008522115647792816
Nexus5x01	2796184361000	-0.001065264455974102	-0.002130528911948204	0.001065264455974102
Nexus5x01	2796189385000	0.002130528911948204	0.002130528911948204	-0.002130528911948204
Nexus5x01	2796194441000	0.004261057823896408	-0.008522115647792816	-0.008522115647792816
Nexus5x01	2796199497000	0.012783173471689224	-0.004261057823896408	-0.01065264455974102
Nexus5x01	2796204576000	0.002130528911948204	-0.003195793367922306	-0.002130528911948204
Nexus5x01	2796209600000	0.00532632227987051	-0.001065264455974102	0.002130528911948204
Nexus5x01	2796214656000	0.0	0.0	-0.009587380103766918
Nexus5x01	2796219712000	-0.006391586735844612	-0.003195793367922306	-0.004261057823896408
Nexus5x01	2796224836000	-0.001065264455974102	0.008522115647792816	0.003195793367922306
Nexus5x01	2796229860000	0.004261057823896408	0.0	-0.006391586735844612
Nexus5x01	2796234916000	0.00532632227987051	-0.001065264455974102	0.0
Nexus5x01	2796239972000	0.0	0.008522115647792816	-0.007456851191818714
Nexus5x01	2796245076000	0.015978965908288956	0.001065264455974102	-0.00532632227987051
Nexus5x01	2796250100000	-0.001065264455974102	0.006391586735844612	0.0
Nexus5x01	2796255156000	0.006391586735844612	-0.002130528911948204	0.0
Nexus5x01	2796260212000	0.00532632227987051	-0.004261057823896408	-0.00532632227987051
Nexus5x01	2796265337000	0.00532632227987051	0.002130528911948204	-0.00532632227987051
Nexus5x01	2796270361000	-0.004261057823896408	-0.003195793367922306	0.001065264455974102
Nexus5x01	2796275417000	0.00532632227987051	-0.001065264455974102	0.002130528911948204
Nexus5x01	2796280473000	-0.002130528911948204	-0.002130528911948204	-0.004261057823896408
Nexus5x01	2796285606000	-0.001065264455974102	-0.009587380103766918	0.002130528911948204
Nexus5x01	2796290630000	0.003195793367922306	-0.002130528911948204	-0.006391586735844612
Nexus5x01	2796295686000	0.001065264455974102	0.003195793367922306	0.0
Nexus5x01	2796300742000	0.004261057823896408	0.001065264455974102	-0.003195793367922306
Nexus5x01	2796305893000	-0.001065264455974102	-0.002130528911948204	-0.004261057823896408
Nexus5x01	2796310917000	0.0	0.002130528911948204	-0.003195793367922306
Nexus5x01	2796315973000	-0.001065264455974102	-0.007456851191818714	-0.006391586735844612
Nexus5x01	2796321029000	0.0	0.0	0.003195793367922306
Nexus5x01	2796326155000	0.007456851191818714	0.0	-0.002130528911948204
Nexus5x01	2796331179000	0.009587380103766918	0.0	-0.002130528911948204
Nexus5x01	2796336235000	-0.002130528911948204	-0.004261057823896408	-0.011717909015715122
Nexus5x01	2796341291000	-0.007456851191818714	0.001065264455974102	-0.002130528911948204
Nexus5x01	2796346378000	-0.002130528911948204	0.001065264455974102	0.001065264455974102
Nexus5x01	2796351402000	0.002130528911948204	-0.006391586735844612	-0.00532632227987051
Nexus5x01	2796356458000	-0.003195793367922306	-0.00532632227987051	-0.00532632227987051
Nexus5x01	2796361514000	0.00532632227987051	0.0	-0.006391586735844612
Nexus5x01	2796366657000	-0.00532632227987051	-0.004261057823896408	0.002130528911948204
Nexus5x01	2796371681000	0.0	0.00532632227987051	-0.008522115647792816
Nexus5x01	2796376737000	-0.003195793367922306	0.004261057823896408	-0.004261057823896408
Nexus5x01	2796381793000	-0.004261057823896408	0.0	-0.01065264455974102
Nexus5x01	2796386916000	0.003195793367922306	-0.007456851191818714	-0.00532632227987051
Nexus5x01	2796391940000	0.004261057823896408	0.003195793367922306	0.0
Nexus5x01	2796396996000	0.00532632227987051	0.001065264455974102	-0.008522115647792816
Nexus5x01	2796402052000	0.007456851191818714	-0.004261057823896408	-0.017044231295585632
Nexus5x01	2796407174000	0.01065264455974102	-0.001065264455974102	0.004261057823896408
Nexus5x01	2796412198000	0.001065264455974102	-0.01065264455974102	0.0
Nexus5x01	2796417254000	0.0	0.009587380103766918	-0.003195793367922306
Nexus5x01	2796422310000	0.00532632227987051	0.013848437927663326	-0.007456851191818714
Nexus5x01	2796427430000	0.00532632227987051	0.0	0.004261057823896408
Nexus5x01	2796432454000	0.001065264455974102	-0.003195793367922306	-0.003195793367922306
Nexus5x01	2796437510000	-0.004261057823896408	-0.00532632227987051	-0.003195793367922306
Nexus5x01	2796442566000	0.002130528911948204	0.0	-0.003195793367922306
Nexus5x01	2796447651000	0.003195793367922306	0.012783173471689224	-0.00532632227987051
Nexus5x01	2796452675000	0.00532632227987051	-0.004261057823896408	0.0
Nexus5x01	2796457731000	0.009587380103766918	-0.011717909015715122	-0.007456851191818714
Nexus5x01	2796462787000	-0.003195793367922306	-0.004261057823896408	-0.007456851191818714
Nexus5x01	2796467908000	0.0	-0.004261057823896408	-0.001065264455974102
Nexus5x01	2796472932000	0.002130528911948204	0.003195793367922306	-0.00532632227987051
Nexus5x01	2796477988000	0.003195793367922306	0.00532632227987051	0.0
Nexus5x01	2796483044000	-0.001065264455974102	-0.001065264455974102	-0.007456851191818714
Nexus5x01	2796488168000	0.009587380103766918	-0.001065264455974102	-0.002130528911948204
Nexus5x01	2796493192000	0.002130528911948204	-0.003195793367922306	-0.00532632227987051
Nexus5x01	2796498248000	0.004261057823896408	0.002130528911948204	-0.001065264455974102
Nexus5x01	2796503304000	0.012783173471689224	-0.001065264455974102	-0.004261057823896408
Nexus5x01	2796508437000	0.003195793367922306	-0.001065264455974102	0.0
Nexus5x01	2796513461000	-0.003195793367922306	0.003195793367922306	-0.009587380103766918
Nexus5x01	2796518517000	0.0	0.001065264455974102	0.002130528911948204
Nexus5x01	2796523573000	0.01065264455974102	0.002130528911948204	0.0
Nexus5x01	2796528738000	-0.008522115647792816	0.0	-0.006391586735844612
Nexus5x01	2796533762000	-0.001065264455974102	-0.003195793367922306	-0.007456851191818714
Nexus5x01	2796538818000	-0.003195793367922306	-0.00532632227987051	0.001065264455974102
Nexus5x01	2796543874000	0.0	-0.002130528911948204	0.0
Nexus5x01	2796548948000	0.001065264455974102	-0.002130528911948204	0.0
Nexus5x01	2796553972000	0.002130528911948204	-0.012783173471689224	0.0
Nexus5x01	2796559028000	0.002130528911948204	-0.001065264455974102	-0.003195793367922306
Nexus5x01	2796564084000	-0.002130528911948204	-0.003195793367922306	-0.008522115647792816
Nexus5x01	2796569198000	0.004261057823896408	-0.003195793367922306	0.004261057823896408
Nexus5x01	2796574222000	0.01065264455974102	0.0	-0.002130528911948204
Nexus5x01	2796579278000	0.001065264455974102	0.0	-0.004261057823896408
Nexus5x01	2796584334000	-0.006391586735844612	-0.01065264455974102	-0.001065264455974102
Nexus5x01	2796589448000	0.001065264455974102	-0.002130528911948204	-0.001065264455974102
Nexus5x01	2796594472000	0.008522115647792816	0.0	0.002130528911948204
Nexus5x01	2796599528000	-0.007456851191818714	0.001065264455974102	-0.00532632227987051
Nexus5x01	2796604584000	0.00532632227987051	0.0	-0.001065264455974102
Nexus5x01	2796609689000	0.004261057823896408	-0.01065264455974102	0.0
Nexus5x01	2796614713000	-0.009587380103766918	-0.004261057823896408	0.004261057823896408
Nexus5x01	2796619769000	-0.001065264455974102	-0.001065264455974102	-0.001065264455974102
Nexus5x01	2796624825000	-0.004261057823896408	-0.009587380103766918	-0.002130528911948204
Nexus5x01	2796629942000	0.007456851191818714	0.0	0.0
Nexus5x01	2796634966000	0.004261057823896408	-0.00532632227987051	0.00532632227987051
Nexus5x01	2796640022000	0.004261057823896408	-0.006391586735844612	0.002130528911948204
Nexus5x01	2796645078000	0.0	0.001065264455974102	-0.01065264455974102
Nexus5x01	2796650162000	0.003195793367922306	0.006391586735844612	-0.001065264455974102
Nexus5x01	2796655186000	0.0	-0.01065264455974102	0.003195793367922306
Nexus5x01	2796660242000	-0.00532632227987051	0.008522115647792816	-0.00532632227987051
Nexus5x01	2796665298000	0.002130528911948204	-0.002130528911948204	-0.004261057823896408
Nexus5x01	2796670427000	0.004261057823896408	-0.001065264455974102	-0.004261057823896408
Nexus5x01	2796675451000	0.006391586735844612	0.011717909015715122	-0.001065264455974102
Nexus5x01	2796680507000	-0.004261057823896408	0.001065264455974102	-0.003195793367922306
Nexus5x01	2796685563000	0.006391586735844612	0.0	-0.006391586735844612
Nexus5x01	2796690653000	-0.002130528911948204	0.003195793367922306	-0.003195793367922306
Nexus5x01	2796695677000	0.003195793367922306	-0.001065264455974102	-0.004261057823896408
Nexus5x01	2796700733000	-0.001065264455974102	0.0	-0.001065264455974102
Nexus5x01	2796705789000	0.007456851191818714	0.001065264455974102	0.001065264455974102
Nexus5x01	2796710882000	0.007456851191818714	-0.001065264455974102	-0.002130528911948204
Nexus5x01	2796715906000	0.01065264455974102	0.001065264455974102	0.001065264455974102
Nexus5x01	2796720962000	0.004261057823896408	0.0	0.001065264455974102
Nexus5x01	2796726018000	0.00532632227987051	-0.003195793367922306	-0.002130528911948204
Nexus5x01	2796731113000	-0.004261057823896408	-0.001065264455974102	-0.001065264455974102
Nexus5x01	2796736137000	-0.003195793367922306	-0.00532632227987051	-0.003195793367922306
Nexus5x01	2796741193000	-0.003195793367922306	-0.002130528911948204	0.001065264455974102
Nexus5x01	2796746249000	0.002130528911948204	-0.006391586735844612	0.002130528911948204
Nexus5x01	2796751294000	0.006391586735844612	-0.007456851191818714	0.002130528911948204
Nexus5x01	2796756318000	0.001065264455974102	-0.004261057823896408	0.001065264455974102
Nexus5x01	2796761374000	0.012783173471689224	-0.00532632227987051	0.003195793367922306
Nexus5x01	2796766430000	-0.002130528911948204	0.006391586735844612	0.004261057823896408
Nexus5x01	2796771533000	0.00532632227987051	-0.001065264455974102	0.0
Nexus5x01	2796776557000	0.00532632227987051	-0.009587380103766918	0.001065264455974102
Nexus5x01	2796781613000	0.009587380103766918	-0.008522115647792816	0.001065264455974102
Nexus5x01	2796786669000	0.001065264455974102	-0.004261057823896408	0.00532632227987051
Nexus5x01	2796791794000	0.006391586735844612	0.001065264455974102	-0.003195793367922306
Nexus5x01	2796796818000	0.00532632227987051	0.004261057823896408	-0.002130528911948204
Nexus5x01	2796801874000	0.003195793367922306	-0.004261057823896408	-0.002130528911948204
Nexus5x01	2796806930000	0.004261057823896408	0.001065264455974102	-0.00532632227987051
Nexus5x01	2796812043000	0.002130528911948204	0.004261057823896408	-0.006391586735844612
Nexus5x01	2796817067000	0.006391586735844612	0.002130528911948204	-0.001065264455974102
Nexus5x01	2796822123000	0.006391586735844612	-0.00532632227987051	-0.007456851191818714
Nexus5x01	2796827179000	0.008522115647792816	0.003195793367922306	-0.007456851191818714
Nexus5x01	2796832302000	0.007456851191818714	-0.006391586735844612	-0.002130528911948204
Nexus5x01	2796837326000	-0.004261057823896408	0.001065264455974102	-0.00532632227987051
Nexus5x01	2796842382000	0.001065264455974102	0.0	-0.006391586735844612
Nexus5x01	2796847438000	0.00532632227987051	-0.001065264455974102	-0.006391586735844612
Nexus5x01	2796852515000	0.00532632227987051	-0.001065264455974102	0.004261057823896408
Nexus5x01	2796857539000	0.002130528911948204	0.001065264455974102	-0.001065264455974102
Nexus5x01	2796862595000	-0.004261057823896408	-0.004261057823896408	0.004261057823896408
Nexus5x01	2796867651000	-0.001065264455974102	0.004261057823896408	-0.00532632227987051
Nexus5x01	2796872790000	-0.002130528911948204	0.004261057823896408	-0.003195793367922306
Nexus5x01	2796877814000	-0.006391586735844612	-0.011717909015715122	-0.00532632227987051
Nexus5x01	2796882870000	0.004261057823896408	0.004261057823896408	-0.01065264455974102
Nexus5x01	2796887926000	-0.002130528911948204	-0.007456851191818714	-0.001065264455974102
Nexus5x01	2796893052000	0.002130528911948204	0.007456851191818714	0.009587380103766918
Nexus5x01	2796898076000	-0.006391586735844612	-0.001065264455974102	0.0
Nexus5x01	2796903132000	0.008522115647792816	-0.015978965908288956	-0.004261057823896408
Nexus5x01	2796908188000	0.006391586735844612	0.001065264455974102	0.003195793367922306
Nexus5x01	2796913311000	-0.004261057823896408	-0.01065264455974102	-0.007456851191818714
Nexus5x01	2796918335000	0.006391586735844612	0.001065264455974102	0.0
Nexus5x01	2796923391000	-0.003195793367922306	-0.001065264455974102	-0.008522115647792816
Nexus5x01	2796928447000	0.009587380103766918	-0.006391586735844612	-0.001065264455974102
Nexus5x01	2796933581000	0.003195793367922306	-0.006391586735844612	-0.004261057823896408
Nexus5x01	2796938605000	-0.001065264455974102	-0.001065264455974102	0.002130528911948204
Nexus5x01	2796943661000	0.00532632227987051	-0.003195793367922306	0.004261057823896408
Nexus5x01	2796948717000	0.00532632227987051	-0.002130528911948204	-0.004261057823896408
Nexus5x01	2796953830000	-0.001065264455974102	0.0	-0.003195793367922306
Nexus5x01	2796958854000	0.003195793367922306	0.001065264455974102	-0.003195793367922306
Nexus5x01	2796963910000	0.002130528911948204	-0.002130528911948204	-0.001065264455974102
Nexus5x01	2796968966000	0.011717909015715122	0.004261057823896408	-0.003195793367922306
Nexus5x01	2796974066000	0.0	0.004261057823896408	-0.01065264455974102
Nexus5x01	2796979090000	-0.004261057823896408	-0.001065264455974102	-0.003195793367922306
Nexus5x01	2796984146000	0.002130528911948204	-0.001065264455974102	-0.001065264455974102
Nexus5x01	2796989202000	0.003195793367922306	-0.003195793367922306	-0.004261057823896408
Nexus5x01	2796994308000	-0.003195793367922306	-0.003195793367922306	-0.006391586735844612
Nexus5x01	2796999332000	-0.002130528911948204	-0.002130528911948204	0.001065264455974102
Nexus5x01	2797004388000	0.00532632227987051	0.004261057823896408	-0.002130528911948204
Nexus5x01	2797009444000	0.002130528911948204	0.004261057823896408	-0.00532632227987051
Nexus5x01	2797014587000	0.003195793367922306	0.007456851191818714	-0.01065264455974102
Nexus5x01	2797019611000	-0.001065264455974102	-0.002130528911948204	-0.004261057823896408
Nexus5x01	2797024667000	0.007456851191818714	0.001065264455974102	0.0
Nexus5x01	2797029723000	-0.007456851191818714	-0.004261057823896408	0.001065264455974102
Nexus5x01	2797034866000	-0.001065264455974102	-0.001065264455974102	-0.006391586735844612
Nexus5x01	2797039890000	-0.003195793367922306	-0.012783173471689224	-0.003195793367922306
Nexus5x01	2797044946000	0.001065264455974102	0.002130528911948204	-0.004261057823896408
Nexus5x01	2797050002000	0.007456851191818714	-0.003195793367922306	-0.002130528911948204
Nexus5x01	2797055143000	-0.002130528911948204	-0.00532632227987051	0.004261057823896408
Nexus5x01	2797060167000	-0.004261057823896408	-0.002130528911948204	0.002130528911948204
Nexus5x01	2797065223000	0.003195793367922306	-0.004261057823896408	-0.002130528911948204
Nexus5x01	2797070279000	0.004261057823896408	0.007456851191818714	-0.001065264455974102
Nexus5x01	2797075424000	0.003195793367922306	-0.004261057823896408	-0.003195793367922306
Nexus5x01	2797080448000	0.012783173471689224	-0.01065264455974102	-0.003195793367922306
Nexus5x01	2797085504000	-0.003195793367922306	-0.004261057823896408	-0.003195793367922306
Nexus5x01	2797090560000	0.001065264455974102	-0.002130528911948204	-0.002130528911948204
Nexus5x01	2797095703000	0.006391586735844612	-0.011717909015715122	0.001065264455974102
Nexus5x01	2797100727000	0.002130528911948204	0.00532632227987051	-0.002130528911948204
Nexus5x01	2797105783000	-0.001065264455974102	-0.007456851191818714	-0.003195793367922306
Nexus5x01	2797110839000	0.008522115647792816	0.0	-0.012783173471689224
Nexus5x01	2797115951000	0.0	-0.003195793367922306	0.004261057823896408
Nexus5x01	2797120975000	0.007456851191818714	-0.002130528911948204	-0.008522115647792816
Nexus5x01	2797126031000	0.003195793367922306	-0.002130528911948204	-0.001065264455974102
Nexus5x01	2797131087000	0.002130528911948204	0.004261057823896408	-0.002130528911948204
Nexus5x01	2797136208000	0.001065264455974102	-0.002130528911948204	-0.009587380103766918
Nexus5x01	2797141232000	0.003195793367922306	-0.004261057823896408	-0.003195793367922306
Nexus5x01	2797146288000	-0.007456851191818714	0.002130528911948204	-0.001065264455974102
Nexus5x01	2797151344000	0.004261057823896408	-0.007456851191818714	-0.00532632227987051
Nexus5x01	2797156454000	0.004261057823896408	-0.001065264455974102	-0.002130528911948204
Nexus5x01	2797161478000	0.001065264455974102	0.001065264455974102	0.0
Nexus5x01	2797166534000	0.001065264455974102	-0.008522115647792816	0.001065264455974102
Nexus5x01	2797171590000	0.017044231295585632	0.0	-0.001065264455974102
Nexus5x01	2797176701000	-0.006391586735844612	-0.003195793367922306	0.0
Nexus5x01	2797181725000	-0.003195793367922306	0.003195793367922306	-0.002130528911948204
Nexus5x01	2797186781000	0.002130528911948204	-0.00532632227987051	-0.007456851191818714
Nexus5x01	2797191837000	0.001065264455974102	0.002130528911948204	0.001065264455974102
Nexus5x01	2797196956000	-0.001065264455974102	0.001065264455974102	-0.008522115647792816
Nexus5x01	2797201980000	-0.002130528911948204	-0.001065264455974102	-0.002130528911948204
Nexus5x01	2797207036000	0.003195793367922306	0.0	-0.001065264455974102
Nexus5x01	2797212092000	0.002130528911948204	-0.001065264455974102	-0.001065264455974102
Nexus5x01	2797217203000	0.001065264455974102	0.00532632227987051	0.0
Nexus5x01	2797222227000	0.006391586735844612	0.002130528911948204	0.001065264455974102
Nexus5x01	2797227283000	-0.001065264455974102	-0.002130528911948204	-0.003195793367922306
Nexus5x01	2797232339000	0.001065264455974102	-0.00532632227987051	0.0
Nexus5x01	2797237455000	0.002130528911948204	-0.001065264455974102	-0.001065264455974102
Nexus5x01	2797242479000	-0.006391586735844612	-0.004261057823896408	-0.00532632227987051
Nexus5x01	2797247535000	-0.001065264455974102	-0.004261057823896408	-0.003195793367922306
Nexus5x01	2797252591000	0.006391586735844612	-0.001065264455974102	0.0
Nexus5x01	2797257706000	-0.001065264455974102	-0.001065264455974102	-0.00532632227987051
Nexus5x01	2797262730000	-0.009587380103766918	0.001065264455974102	-0.003195793367922306
Nexus5x01	2797267786000	0.007456851191818714	0.003195793367922306	0.002130528911948204
Nexus5x01	2797272842000	0.008522115647792816	-0.004261057823896408	-0.004261057823896408
Nexus5x01	2797277962000	0.014913702383637428	-0.004261057823896408	-0.007456851191818714
Nexus5x01	2797282986000	-0.003195793367922306	0.00532632227987051	-0.003195793367922306
Nexus5x01	2797288042000	0.0	-0.002130528911948204	0.0
Nexus5x01	2797293098000	0.011717909015715122	0.003195793367922306	0.001065264455974102
Nexus5x01	2797298233000	0.002130528911948204	-0.014913702383637428	-0.007456851191818714
Nexus5x01	2797303257000	0.001065264455974102	0.004261057823896408	-0.003195793367922306
Nexus5x01	2797308313000	0.008522115647792816	-0.003195793367922306	-0.00532632227987051
Nexus5x01	2797313369000	0.001065264455974102	0.0	-0.009587380103766918
Nexus5x01	2797318415000	-0.00532632227987051	-0.014913702383637428	-0.002130528911948204
Nexus5x01	2797323439000	0.009587380103766918	-0.013848437927663326	-0.001065264455974102
Nexus5x01	2797328495000	-0.002130528911948204	-0.002130528911948204	-0.00532632227987051
Nexus5x01	2797333551000	0.001065264455974102	0.00532632227987051	-0.007456851191818714
Nexus5x01	2797338672000	0.004261057823896408	0.002130528911948204	0.001065264455974102
Nexus5x01	2797343696000	0.00532632227987051	0.001065264455974102	-0.002130528911948204
Nexus5x01	2797348752000	0.003195793367922306	-0.003195793367922306	-0.004261057823896408
Nexus5x01	2797353808000	0.003195793367922306	-0.007456851191818714	-0.004261057823896408
Nexus5x01	2797358929000	-0.001065264455974102	-0.003195793367922306	-0.009587380103766918
Nexus5x01	2797363953000	-0.001065264455974102	0.0	-0.007456851191818714
Nexus5x01	2797369009000	0.004261057823896408	-0.006391586735844612	0.0
Nexus5x01	2797374065000	0.00532632227987051	-0.011717909015715122	-0.01065264455974102
Nexus5x01	2797379187000	0.001065264455974102	-0.00532632227987051	-0.001065264455974102
Nexus5x01	2797384211000	0.00532632227987051	-0.01065264455974102	0.004261057823896408
Nexus5x01	2797389267000	-0.004261057823896408	-0.007456851191818714	-0.004261057823896408
Nexus5x01	2797394323000	0.002130528911948204	-0.003195793367922306	-0.003195793367922306
Nexus5x01	2797399442000	0.009587380103766918	-0.001065264455974102	-0.00532632227987051
Nexus5x01	2797404466000	0.002130528911948204	-0.002130528911948204	-0.002130528911948204
Nexus5x01	2797409522000	-0.001065264455974102	0.001065264455974102	-0.009587380103766918
Nexus5x01	2797414578000	0.015978965908288956	-0.007456851191818714	0.0
Nexus5x01	2797419696000	-0.004261057823896408	0.0	-0.003195793367922306
Nexus5x01	2797424720000	0.00532632227987051	-0.009587380103766918	0.0
Nexus5x01	2797429776000	0.011717909015715122	-0.009587380103766918	-0.009587380103766918
Nexus5x01	2797434832000	-0.012783173471689224	-0.007456851191818714	0.0
Nexus5x01	2797439951000	0.009587380103766918	-0.008522115647792816	0.004261057823896408
Nexus5x01	2797444975000	0.006391586735844612	-0.001065264455974102	-0.007456851191818714
Nexus5x01	2797450031000	0.004261057823896408	0.008522115647792816	0.0
Nexus5x01	2797455087000	0.00532632227987051	-0.001065264455974102	-0.004261057823896408
Nexus5x01	2797460175000	0.002130528911948204	-0.003195793367922306	0.0
Nexus5x01	2797465199000	0.00532632227987051	-0.001065264455974102	-0.01065264455974102
Nexus5x01	2797470255000	0.012783173471689224	0.002130528911948204	-0.003195793367922306
Nexus5x01	2797475311000	-0.002130528911948204	-0.002130528911948204	0.0
Nexus5x01	2797480428000	-0.004261057823896408	0.0	-0.004261057823896408
Nexus5x01	2797485452000	-0.001065264455974102	-0.002130528911948204	-0.006391586735844612
Nexus5x01	2797490508000	-0.001065264455974102	-0.00532632227987051	0.002130528911948204
Nexus5x01	2797495564000	0.003195793367922306	-0.00532632227987051	-0.006391586735844612
Nexus5x01	2797500683000	-0.003195793367922306	0.0	0.0
Nexus5x01	2797505707000	-0.002130528911948204	0.001065264455974102	0.0
Nexus5x01	2797510763000	0.003195793367922306	0.00532632227987051	0.003195793367922306
Nexus5x01	2797515819000	-0.001065264455974102	0.002130528911948204	-0.001065264455974102
Nexus5x01	2797520936000	0.001065264455974102	0.01065264455974102	0.001065264455974102
Nexus5x01	2797525960000	0.008522115647792816	0.014913702383637428	-0.001065264455974102
Nexus5x01	2797531016000	0.004261057823896408	-0.004261057823896408	-0.001065264455974102
Nexus5x01	2797536072000	0.002130528911948204	-0.001065264455974102	0.0
Nexus5x01	2797541190000	0.006391586735844612	0.007456851191818714	-0.002130528911948204
Nexus5x01	2797546214000	0.002130528911948204	-0.004261057823896408	-0.001065264455974102
Nexus5x01	2797551270000	0.003195793367922306	-0.004261057823896408	-0.001065264455974102
Nexus5x01	2797556326000	0.009587380103766918	-0.008522115647792816	-0.007456851191818714
Nexus5x01	2797561434000	-0.003195793367922306	-0.003195793367922306	-0.004261057823896408
Nexus5x01	2797566458000	0.003195793367922306	-0.003195793367922306	0.00532632227987051
Nexus5x01	2797571514000	0.003195793367922306	0.002130528911948204	0.001065264455974102
Nexus5x01	2797576570000	-0.003195793367922306	0.0	-0.004261057823896408
Nexus5x01	2797581684000	0.002130528911948204	0.002130528911948204	0.008522115647792816
Nexus5x01	2797586708000	-0.001065264455974102	-0.011717909015715122	-0.007456851191818714
Nexus5x01	2797591764000	-0.006391586735844612	0.0	-0.001065264455974102
Nexus5x01	2797596820000	-0.002130528911948204	0.0	-0.001065264455974102
Nexus5x01	2797601934000	0.008522115647792816	-0.003195793367922306	0.0
Nexus5x01	2797606958000	0.001065264455974102	-0.003195793367922306	-0.004261057823896408
Nexus5x01	2797612014000	0.002130528911948204	-0.009587380103766918	0.003195793367922306
Nexus5x01	2797617070000	0.004261057823896408	-0.004261057823896408	-0.004261057823896408
Nexus5x01	2797622185000	0.001065264455974102	-0.001065264455974102	-0.004261057823896408
Nexus5x01	2797627209000	0.003195793367922306	-0.002130528911948204	0.003195793367922306
Nexus5x01	2797632265000	-0.004261057823896408	-0.002130528911948204	-0.007456851191818714
Nexus5x01	2797637321000	0.0	0.0	-0.00532632227987051
Nexus5x01	2797642518000	0.002130528911948204	0.003195793367922306	-0.008522115647792816
Nexus5x01	2797647542000	-0.003195793367922306	0.003195793367922306	-0.004261057823896408
Nexus5x01	2797652598000	0.004261057823896408	-0.004261057823896408	0.003195793367922306
Nexus5x01	2797657654000	-0.008522115647792816	-0.001065264455974102	0.002130528911948204
Nexus5x01	2797662770000	0.009587380103766918	-0.008522115647792816	-0.012783173471689224
Nexus5x01	2797667794000	0.001065264455974102	0.0	-0.01065264455974102
Nexus5x01	2797672850000	0.001065264455974102	-0.003195793367922306	0.002130528911948204
Nexus5x01	2797677906000	0.001065264455974102	0.001065264455974102	0.002130528911948204
Nexus5x01	2797683020000	0.006391586735844612	-0.004261057823896408	0.0
Nexus5x01	2797688044000	-0.00532632227987051	-0.00532632227987051	0.004261057823896408
Nexus5x01	2797693100000	-0.004261057823896408	0.0	-0.001065264455974102
Nexus5x01	2797698156000	-0.002130528911948204	0.0	0.003195793367922306
Nexus5x01	2797703269000	0.004261057823896408	-0.00532632227987051	-0.002130528911948204
Nexus5x01	2797708293000	0.001065264455974102	0.001065264455974102	-0.002130528911948204
Nexus5x01	2797713349000	-0.002130528911948204	-0.001065264455974102	-0.007456851191818714
Nexus5x01	2797718405000	0.007456851191818714	0.004261057823896408	-0.01065264455974102
Nexus5x01	2797723521000	0.003195793367922306	0.0	-0.003195793367922306
Nexus5x01	2797728545000	0.003195793367922306	-0.007456851191818714	-0.002130528911948204
Nexus5x01	2797733601000	0.0	-0.004261057823896408	-0.009587380103766918
Nexus5x01	2797738657000	0.001065264455974102	0.011717909015715122	-0.00532632227987051
Nexus5x01	2797743774000	0.002130528911948204	-0.001065264455974102	-0.003195793367922306
Nexus5x01	2797748798000	0.002130528911948204	0.004261057823896408	-0.007456851191818714
Nexus5x01	2797753854000	0.007456851191818714	-0.007456851191818714	-0.003195793367922306
Nexus5x01	2797758910000	0.002130528911948204	-0.00532632227987051	-0.001065264455974102
Nexus5x01	2797763990000	0.007456851191818714	0.003195793367922306	-0.003195793367922306
Nexus5x01	2797769014000	0.0	-0.011717909015715122	-0.003195793367922306
Nexus5x01	2797774070000	0.007456851191818714	-0.008522115647792816	0.003195793367922306
Nexus5x01	2797779126000	-0.002130528911948204	0.00532632227987051	-0.007456851191818714
Nexus5x01	2797784276000	-0.001065264455974102	-0.003195793367922306	-0.004261057823896408
Nexus5x01	2797789300000	0.004261057823896408	-0.00532632227987051	0.004261057823896408
Nexus5x01	2797794356000	-0.003195793367922306	-0.002130528911948204	0.00532632227987051
Nexus5x01	2797799412000	-0.007456851191818714	0.001065264455974102	-0.003195793367922306
Nexus5x01	2797804531000	0.00532632227987051	-0.001065264455974102	0.0
Nexus5x01	2797809555000	0.007456851191818714	-0.004261057823896408	-0.01065264455974102
Nexus5x01	2797814611000	0.002130528911948204	-0.001065264455974102	0.001065264455974102
Nexus5x01	2797819667000	-0.001065264455974102	-0.006391586735844612	-0.006391586735844612
Nexus5x01	2797824785000	0.009587380103766918	-0.004261057823896408	0.007456851191818714
Nexus5x01	2797829809000	-0.004261057823896408	-0.003195793367922306	0.0
Nexus5x01	2797834865000	0.00532632227987051	-0.006391586735844612	-0.004261057823896408
Nexus5x01	2797839921000	0.006391586735844612	0.001065264455974102	0.001065264455974102
Nexus5x01	2797845042000	0.001065264455974102	-0.002130528911948204	-0.006391586735844612
Nexus5x01	2797850066000	0.0	0.002130528911948204	-0.009587380103766918
Nexus5x01	2797855122000	-0.009587380103766918	0.004261057823896408	-0.004261057823896408
Nexus5x01	2797860178000	0.004261057823896408	-0.004261057823896408	0.002130528911948204
Nexus5x01	2797865308000	0.002130528911948204	0.0	-0.001065264455974102
Nexus5x01	2797870332000	0.001065264455974102	-0.004261057823896408	-0.003195793367922306
Nexus5x01	2797875388000	0.007456851191818714	-0.00532632227987051	-0.004261057823896408
Nexus5x01	2797880444000	-0.00532632227987051	0.002130528911948204	0.001065264455974102
Nexus5x01	2797885558000	0.007456851191818714	-0.00532632227987051	0.001065264455974102
Nexus5x01	2797890582000	-0.001065264455974102	-0.002130528911948204	-0.002130528911948204
Nexus5x01	2797895638000	0.004261057823896408	0.0	0.0
Nexus5x01	2797900694000	0.002130528911948204	-0.001065264455974102	-0.002130528911948204
Nexus5x01	2797905816000	0.002130528911948204	-0.004261057823896408	-0.004261057823896408
Nexus5x01	2797910840000	0.001065264455974102	-0.007456851191818714	0.002130528911948204
Nexus5x01	2797915896000	0.009587380103766918	-0.00532632227987051	-0.001065264455974102
Nexus5x01	2797920952000	0.00532632227987051	-0.002130528911948204	-0.00532632227987051
Nexus5x01	2797926074000	0.001065264455974102	0.004261057823896408	-0.002130528911948204
Nexus5x01	2797931098000	-0.002130528911948204	-0.00532632227987051	-0.00532632227987051
Nexus5x01	2797936154000	0.003195793367922306	0.00532632227987051	-0.01065264455974102
Nexus5x01	2797941210000	-0.003195793367922306	0.0	0.002130528911948204
Nexus5x01	2797946333000	-0.001065264455974102	0.003195793367922306	-0.003195793367922306
Nexus5x01	2797951357000	0.00532632227987051	0.006391586735844612	-0.003195793367922306
Nexus5x01	2797956413000	0.003195793367922306	-0.004261057823896408	-0.004261057823896408
Nexus5x01	2797961469000	0.0	-0.001065264455974102	-0.006391586735844612
Nexus5x01	2797966613000	0.004261057823896408	0.0	-0.003195793367922306
Nexus5x01	2797971637000	0.004261057823896408	-0.001065264455974102	0.0
Nexus5x01	2797976693000	0.004261057823896408	-0.002130528911948204	0.001065264455974102
Nexus5x01	2797981749000	-0.002130528911948204	-0.003195793367922306	-0.00532632227987051
Nexus5x01	2797986874000	0.01065264455974102	0.004261057823896408	0.0
Nexus5x01	2797991898000	0.00532632227987051	-0.006391586735844612	0.001065264455974102
Nexus5x01	2797996954000	0.006391586735844612	-0.007456851191818714	-0.002130528911948204
Nexus5x01	2798002010000	0.004261057823896408	-0.001065264455974102	-0.00532632227987051
Nexus5x01	2798007135000	0.001065264455974102	0.0	0.002130528911948204
Nexus5x01	2798012159000	0.002130528911948204	0.0	-0.006391586735844612
Nexus5x01	2798017215000	-0.002130528911948204	0.001065264455974102	0.002130528911948204
Nexus5x01	2798022271000	-0.00532632227987051	-0.002130528911948204	0.0
Nexus5x01	2798027396000	0.001065264455974102	-0.003195793367922306	-0.007456851191818714
Nexus5x01	2798032420000	0.00532632227987051	0.002130528911948204	-0.002130528911948204
Nexus5x01	2798037476000	0.00532632227987051	-0.001065264455974102	0.002130528911948204
Nexus5x01	2798042532000	0.0	-0.001065264455974102	-0.00532632227987051
Nexus5x01	2798047655000	0.01065264455974102	-0.00532632227987051	-0.00532632227987051
Nexus5x01	2798052679000	-0.004261057823896408	0.0	-0.003195793367922306
Nexus5x01	2798057735000	0.007456851191818714	-0.003195793367922306	-0.004261057823896408
Nexus5x01	2798062791000	0.004261057823896408	0.0	-0.01065264455974102
Nexus5x01	2798067914000	0.001065264455974102	0.003195793367922306	-0.003195793367922306
Nexus5x01	2798072938000	0.0	0.0	0.009587380103766918
Nexus5x01	2798077994000	-0.008522115647792816	-0.002130528911948204	-0.002130528911948204
Nexus5x01	2798083050000	0.002130528911948204	-0.001065264455974102	-0.001065264455974102
Nexus5x01	2798088182000	-0.001065264455974102	0.0	-0.003195793367922306
Nexus5x01	2798093206000	0.0	-0.001065264455974102	-0.00532632227987051
Nexus5x01	2798098262000	0.008522115647792816	-0.007456851191818714	-0.01065264455974102
Nexus5x01	2798103318000	0.008522115647792816	-0.003195793367922306	-0.001065264455974102
Nexus5x01	2798108403000	-0.004261057823896408	0.0	0.0
Nexus5x01	2798113427000	-0.003195793367922306	-0.001065264455974102	0.002130528911948204
Nexus5x01	2798118483000	0.0	0.003195793367922306	-0.00532632227987051
Nexus5x01	2798123539000	0.00532632227987051	-0.003195793367922306	-0.004261057823896408
Nexus5x01	2798128653000	0.01065264455974102	0.006391586735844612	0.0
Nexus5x01	2798133677000	0.011717909015715122	0.007456851191818714	-0.003195793367922306
Nexus5x01	2798138733000	0.0	0.003195793367922306	0.002130528911948204
Nexus5x01	2798143789000	0.008522115647792816	-0.004261057823896408	-0.003195793367922306
Nexus5x01	2798148901000	0.002130528911948204	0.002130528911948204	0.003195793367922306
Nexus5x01	2798153925000	-0.002130528911948204	-0.008522115647792816	0.0
Nexus5x01	2798158981000	-0.002130528911948204	-0.008522115647792816	0.002130528911948204
Nexus5x01	2798164037000	0.00532632227987051	0.001065264455974102	0.003195793367922306
Nexus5x01	2798169151000	-0.003195793367922306	0.001065264455974102	-0.003195793367922306
Nexus5x01	2798174175000	0.0	-0.003195793367922306	0.001065264455974102
Nexus5x01	2798179231000	0.002130528911948204	-0.006391586735844612	-0.001065264455974102
Nexus5x01	2798184287000	-0.003195793367922306	0.003195793367922306	0.0
Nexus5x01	2798189421000	0.009587380103766918	-0.004261057823896408	-0.003195793367922306
Nexus5x01	2798194445000	0.006391586735844612	-0.006391586735844612	-0.01065264455974102
Nexus5x01	2798199501000	0.0	-0.001065264455974102	-0.001065264455974102
Nexus5x01	2798204557000	0.001065264455974102	0.0	-0.002130528911948204
Nexus5x01	2798209651000	0.006391586735844612	-0.007456851191818714	-0.009587380103766918
Nexus5x01	2798214675000	0.002130528911948204	-0.004261057823896408	-0.001065264455974102
Nexus5x01	2798219731000	-0.002130528911948204	0.00532632227987051	-0.001065264455974102
Nexus5x01	2798224787000	0.008522115647792816	0.002130528911948204	0.00532632227987051
Nexus5x01	2798229898000	0.0	0.001065264455974102	0.0
Nexus5x01	2798234922000	0.002130528911948204	-0.00532632227987051	0.001065264455974102
Nexus5x01	2798239978000	0.002130528911948204	0.003195793367922306	-0.009587380103766918
Nexus5x01	2798245034000	0.002130528911948204	-0.004261057823896408	0.004261057823896408
Nexus5x01	2798250146000	0.00532632227987051	0.001065264455974102	0.001065264455974102
Nexus5x01	2798255170000	0.003195793367922306	-0.002130528911948204	0.007456851191818714
Nexus5x01	2798260226000	-0.001065264455974102	0.006391586735844612	0.001065264455974102
Nexus5x01	2798265282000	-0.002130528911948204	0.003195793367922306	0.003195793367922306
Nexus5x01	2798270393000	0.001065264455974102	0.0	-0.001065264455974102
Nexus5x01	2798275417000	-0.004261057823896408	-0.003195793367922306	-0.001065264455974102
Nexus5x01	2798280473000	0.007456851191818714	-0.004261057823896408	-0.003195793367922306
Nexus5x01	2798285529000	0.00532632227987051	0.002130528911948204	0.009587380103766918
Nexus5x01	2798290643000	0.002130528911948204	0.002130528911948204	0.002130528911948204
Nexus5x01	2798295667000	0.001065264455974102	-0.00532632227987051	-0.003195793367922306
Nexus5x01	2798300723000	0.009587380103766918	-0.009587380103766918	-0.004261057823896408
Nexus5x01	2798305779000	-0.001065264455974102	0.004261057823896408	0.001065264455974102
Nexus5x01	2798310888000	0.008522115647792816	-0.001065264455974102	-0.001065264455974102
Nexus5x01	2798315912000	0.003195793367922306	-0.003195793367922306	-0.001065264455974102
Nexus5x01	2798320968000	-0.008522115647792816	-0.002130528911948204	0.00532632227987051
Nexus5x01	2798326024000	0.003195793367922306	0.006391586735844612	-0.00532632227987051
Nexus5x01	2798331138000	0.0	-0.002130528911948204	-0.007456851191818714
Nexus5x01	2798336162000	0.002130528911948204	-0.012783173471689224	-0.009587380103766918
Nexus5x01	2798341218000	-0.001065264455974102	0.002130528911948204	0.003195793367922306
Nexus5x01	2798346274000	0.006391586735844612	0.004261057823896408	0.001065264455974102
Nexus5x01	2798351390000	0.0	-0.007456851191818714	0.001065264455974102
Nexus5x01	2798356414000	0.003195793367922306	0.00532632227987051	-0.006391586735844612
Nexus5x01	2798361470000	0.001065264455974102	0.004261057823896408	-0.004261057823896408
Nexus5x01	2798366526000	-0.001065264455974102	0.001065264455974102	0.0
Nexus5x01	2798371641000	0.00532632227987051	-0.001065264455974102	-0.001065264455974102
Nexus5x01	2798376665000	0.013848437927663326	0.004261057823896408	-0.008522115647792816
Nexus5x01	2798381721000	-0.003195793367922306	-0.003195793367922306	-0.008522115647792816
Nexus5x01	2798386777000	0.004261057823896408	-0.006391586735844612	-0.006391586735844612
Nexus5x01	2798391921000	0.004261057823896408	0.002130528911948204	-0.003195793367922306
Nexus5x01	2798396945000	0.004261057823896408	0.00532632227987051	0.001065264455974102
Nexus5x01	2798402001000	0.012783173471689224	0.00532632227987051	0.006391586735844612
Nexus5x01	2798407057000	-0.001065264455974102	0.002130528911948204	-0.002130528911948204
Nexus5x01	2798412207000	0.003195793367922306	-0.004261057823896408	-0.00532632227987051
Nexus5x01	2798417231000	-0.004261057823896408	-0.004261057823896408	-0.00532632227987051
Nexus5x01	2798422287000	0.009587380103766918	0.0	0.001065264455974102
Nexus5x01	2798427343000	0.00532632227987051	-0.00532632227987051	0.0
Nexus5x01	2798432460000	-0.007456851191818714	-0.002130528911948204	0.001065264455974102
Nexus5x01	2798437484000	0.0	0.004261057823896408	0.001065264455974102
Nexus5x01	2798442540000	0.006391586735844612	-0.002130528911948204	-0.003195793367922306
Nexus5x01	2798447596000	0.003195793367922306	-0.008522115647792816	0.002130528911948204
Nexus5x01	2798452715000	0.004261057823896408	-0.004261057823896408	-0.006391586735844612
Nexus5x01	2798457739000	0.004261057823896408	0.003195793367922306	0.011717909015715122
Nexus5x01	2798462795000	0.00532632227987051	0.001065264455974102	0.001065264455974102
Nexus5x01	2798467851000	0.0	-0.009587380103766918	0.0
Nexus5x01	2798472966000	0.0	-0.00532632227987051	-0.00532632227987051
Nexus5x01	2798477990000	0.001065264455974102	0.002130528911948204	-0.001065264455974102
Nexus5x01	2798483046000	0.00532632227987051	-0.002130528911948204	-0.009587380103766918
Nexus5x01	2798488102000	0.002130528911948204	0.00532632227987051	-0.008522115647792816
Nexus5x01	2798493220000	0.001065264455974102	0.001065264455974102	-0.00532632227987051
Nexus5x01	2798498244000	-0.002130528911948204	0.003195793367922306	-0.001065264455974102
Nexus5x01	2798503300000	0.009587380103766918	-0.001065264455974102	-0.003195793367922306
Nexus5x01	2798508356000	-0.00532632227987051	-0.003195793367922306	-0.001065264455974102
Nexus5x01	2798513473000	0.008522115647792816	0.001065264455974102	0.003195793367922306
Nexus5x01	2798518497000	0.001065264455974102	-0.004261057823896408	-0.004261057823896408
Nexus5x01	2798523553000	0.009587380103766918	-0.007456851191818714	0.002130528911948204
Nexus5x01	2798528609000	0.0	-0.003195793367922306	0.001065264455974102
Nexus5x01	2798533745000	0.006391586735844612	0.007456851191818714	-0.004261057823896408
Nexus5x01	2798538769000	-0.01065264455974102	0.003195793367922306	-0.003195793367922306
Nexus5x01	2798543825000	-0.001065264455974102	-0.002130528911948204	-0.002130528911948204
Nexus5x01	2798548881000	0.0	-0.001065264455974102	0.0
Nexus5x01	2798554002000	-0.00532632227987051	0.004261057823896408	-0.002130528911948204
Nexus5x01	2798559026000	-0.001065264455974102	-0.002130528911948204	0.001065264455974102
Nexus5x01	2798564082000	0.004261057823896408	0.012783173471689224	0.0
Nexus5x01	2798569138000	0.006391586735844612	-0.007456851191818714	-0.002130528911948204
Nexus5x01	2798574241000	-0.003195793367922306	-0.01065264455974102	-0.007456851191818714
Nexus5x01	2798579265000	-0.006391586735844612	0.004261057823896408	-0.001065264455974102
Nexus5x01	2798584321000	0.003195793367922306	-0.00532632227987051	0.002130528911948204
Nexus5x01	2798589377000	0.002130528911948204	-0.003195793367922306	-0.002130528911948204
Nexus5x01	2798594487000	0.008522115647792816	-0.002130528911948204	-0.004261057823896408
Nexus5x01	2798599511000	0.002130528911948204	-0.001065264455974102	-0.002130528911948204
Nexus5x01	2798604567000	0.001065264455974102	0.002130528911948204	-0.001065264455974102
Nexus5x01	2798609623000	0.0	0.001065264455974102	0.001065264455974102
Nexus5x01	2798614726000	0.00532632227987051	0.002130528911948204	-0.001065264455974102
Nexus5x01	2798619750000	0.002130528911948204	0.008522115647792816	-0.012783173471689224
Nexus5x01	2798624806000	0.002130528911948204	0.0	-0.004261057823896408
Nexus5x01	2798629862000	-0.001065264455974102	-0.002130528911948204	-0.011717909015715122
Nexus5x01	2798634979000	0.0	-0.002130528911948204	-0.009587380103766918
Nexus5x01	2798640003000	0.003195793367922306	-0.007456851191818714	-0.001065264455974102
Nexus5x01	2798645059000	-0.003195793367922306	-0.004261057823896408	-0.004261057823896408
Nexus5x01	2798650115000	0.00532632227987051	-0.002130528911948204	-0.00532632227987051
Nexus5x01	2798655230000	0.004261057823896408	-0.001065264455974102	-0.003195793367922306
Nexus5x01	2798660254000	-0.006391586735844612	0.001065264455974102	0.0
Nexus5x01	2798665310000	0.006391586735844612	0.0	0.0
Nexus5x01	2798670366000	0.002130528911948204	-0.003195793367922306	-0.009587380103766918
Nexus5x01	2798675471000	0.0	0.004261057823896408	0.00532632227987051
Nexus5x01	2798680495000	-0.007456851191818714	-0.002130528911948204	-0.007456851191818714
Nexus5x01	2798685551000	0.008522115647792816	0.001065264455974102	-0.003195793367922306
Nexus5x01	2798690607000	0.002130528911948204	-0.004261057823896408	-0.00532632227987051
Nexus5x01	2798695721000	0.008522115647792816	0.003195793367922306	-0.003195793367922306
Nexus5x01	2798700745000	-0.002130528911948204	-0.002130528911948204	0.0
Nexus5x01	2798705801000	0.004261057823896408	-0.006391586735844612	-0.002130528911948204
Nexus5x01	2798710857000	0.008522115647792816	-0.001065264455974102	-0.002130528911948204
Nexus5x01	2798715971000	-0.003195793367922306	-0.007456851191818714	-0.011717909015715122
Nexus5x01	2798720995000	0.001065264455974102	-0.004261057823896408	-0.013848437927663326
Nexus5x01	2798726051000	-0.00532632227987051	0.0	-0.004261057823896408
Nexus5x01	2798731107000	0.002130528911948204	-0.002130528911948204	-0.007456851191818714
Nexus5x01	2798736224000	0.002130528911948204	-0.001065264455974102	-0.00532632227987051
Nexus5x01	2798741248000	0.002130528911948204	-0.006391586735844612	-0.009587380103766918
Nexus5x01	2798746304000	0.002130528911948204	0.003195793367922306	0.0
Nexus5x01	2798751360000	0.009587380103766918	-0.003195793367922306	-0.00532632227987051
Nexus5x01	2798756478000	0.003195793367922306	-0.004261057823896408	-0.006391586735844612
Nexus5x01	2798761502000	0.00532632227987051	-0.002130528911948204	-0.001065264455974102
Nexus5x01	2798766558000	0.009587380103766918	-0.002130528911948204	-0.003195793367922306
Nexus5x01	2798771614000	0.001065264455974102	0.003195793367922306	-0.004261057823896408
Nexus5x01	2798776716000	-0.001065264455974102	0.0	-0.004261057823896408
Nexus5x01	2798781740000	-0.001065264455974102	-0.01065264455974102	-0.00532632227987051
Nexus5x01	2798786796000	0.008522115647792816	0.002130528911948204	-0.001065264455974102
Nexus5x01	2798791852000	0.003195793367922306	-0.007456851191818714	-0.006391586735844612
Nexus5x01	2798796947000	0.0	-0.003195793367922306	-0.003195793367922306
Nexus5x01	2798801971000	0.009587380103766918	-0.01065264455974102	-0.003195793367922306
Nexus5x01	2798807027000	0.008522115647792816	-0.001065264455974102	0.0
Nexus5x01	2798812083000	0.0	0.00532632227987051	-0.007456851191818714
Nexus5x01	2798817197000	0.0	0.001065264455974102	0.002130528911948204
Nexus5x01	2798822221000	0.001065264455974102	-0.006391586735844612	0.003195793367922306
Nexus5x01	2798827277000	-0.001065264455974102	0.004261057823896408	0.001065264455974102
Nexus5x01	2798832333000	-0.006391586735844612	-0.007456851191818714	0.0
Nexus5x01	2798837454000	-0.00532632227987051	-0.007456851191818714	0.0
Nexus5x01	2798842478000	0.004261057823896408	0.001065264455974102	-0.008522115647792816
Nexus5x01	2798847534000	-0.008522115647792816	-0.001065264455974102	0.002130528911948204
Nexus5x01	2798852590000	0.001065264455974102	0.003195793367922306	-0.002130528911948204
Nexus5x01	2798857712000	-0.004261057823896408	0.002130528911948204	-0.011717909015715122
Nexus5x01	2798862736000	0.008522115647792816	0.001065264455974102	0.004261057823896408
Nexus5x01	2798867792000	0.00532632227987051	0.0	-0.002130528911948204
Nexus5x01	2798872848000	0.007456851191818714	-0.004261057823896408	-0.001065264455974102
Nexus5x01	2798877965000	0.002130528911948204	-0.004261057823896408	0.001065264455974102
Nexus5x01	2798882989000	-0.002130528911948204	-0.00532632227987051	-0.003195793367922306
Nexus5x01	2798888045000	0.001065264455974102	0.004261057823896408	-0.009587380103766918
Nexus5x01	2798893101000	-0.00532632227987051	-0.002130528911948204	-0.007456851191818714
Nexus5x01	2798898221000	0.001065264455974102	0.001065264455974102	-0.00532632227987051
Nexus5x01	2798903245000	-0.003195793367922306	-0.004261057823896408	0.008522115647792816
Nexus5x01	2798908301000	-0.002130528911948204	-0.001065264455974102	-0.006391586735844612
Nexus5x01	2798913357000	-0.001065264455974102	0.001065264455974102	0.001065264455974102
Nexus5x01	2798918481000	0.003195793367922306	-0.002130528911948204	0.002130528911948204
Nexus5x01	2798923505000	-0.004261057823896408	-0.004261057823896408	0.002130528911948204
Nexus5x01	2798928561000	0.014913702383637428	-0.006391586735844612	-0.006391586735844612
Nexus5x01	2798933617000	0.006391586735844612	-0.00532632227987051	0.003195793367922306
Nexus5x01	2798938749000	0.01065264455974102	0.001065264455974102	0.001065264455974102
Nexus5x01	2798943773000	-0.002130528911948204	-0.003195793367922306	-0.001065264455974102
Nexus5x01	2798948829000	-0.003195793367922306	-0.004261057823896408	-0.002130528911948204
Nexus5x01	2798953885000	-0.003195793367922306	-0.002130528911948204	0.00532632227987051
Nexus5x01	2798959000000	-0.002130528911948204	0.0	-0.008522115647792816
Nexus5x01	2798964024000	-0.004261057823896408	-0.003195793367922306	-0.008522115647792816
Nexus5x01	2798969080000	-0.009587380103766918	-0.003195793367922306	-0.00532632227987051
Nexus5x01	2798974136000	0.008522115647792816	-0.003195793367922306	-0.006391586735844612
Nexus5x01	2798979250000	-0.002130528911948204	0.001065264455974102	-0.006391586735844612
Nexus5x01	2798984274000	0.004261057823896408	-0.001065264455974102	0.0
Nexus5x01	2798989330000	0.004261057823896408	-0.003195793367922306	-0.001065264455974102
Nexus5x01	2798994386000	0.009587380103766918	-0.004261057823896408	-0.004261057823896408
Nexus5x01	2798999502000	0.0	0.003195793367922306	-0.001065264455974102
Nexus5x01	2799004526000	-0.001065264455974102	-0.009587380103766918	-0.00532632227987051
Nexus5x01	2799009582000	-0.002130528911948204	0.002130528911948204	-0.01065264455974102
Nexus5x01	2799014638000	0.002130528911948204	-0.002130528911948204	-0.001065264455974102
Nexus5x01	2799019705000	-0.003195793367922306	0.0	-0.002130528911948204
Nexus5x01	2799024729000	0.013848437927663326	-0.001065264455974102	-0.001065264455974102
Nexus5x01	2799029785000	0.006391586735844612	0.002130528911948204	-0.006391586735844612
Nexus5x01	2799034841000	0.00532632227987051	-0.004261057823896408	0.004261057823896408
Nexus5x01	2799039960000	-0.002130528911948204	-0.003195793367922306	-0.002130528911948204
Nexus5x01	2799044984000	0.011717909015715122	-0.00532632227987051	-0.014913702383637428
Nexus5x01	2799050040000	0.001065264455974102	-0.00532632227987051	0.003195793367922306
Nexus5x01	2799055096000	0.004261057823896408	-0.003195793367922306	-0.008522115647792816
Nexus5x01	2799060210000	-0.002130528911948204	-0.00532632227987051	-0.007456851191818714
Nexus5x01	2799065234000	0.01065264455974102	-0.008522115647792816	0.004261057823896408
Nexus5x01	2799070290000	0.001065264455974102	0.001065264455974102	-0.008522115647792816
Nexus5x01	2799075346000	0.011717909015715122	-0.00532632227987051	0.004261057823896408
Nexus5x01	2799080461000	0.003195793367922306	0.001065264455974102	-0.008522115647792816
Nexus5x01	2799085485000	-0.004261057823896408	0.0	-0.00532632227987051
Nexus5x01	2799090541000	-0.001065264455974102	-0.00532632227987051	-0.001065264455974102
Nexus5x01	2799095597000	0.002130528911948204	-0.004261057823896408	-0.009587380103766918
Nexus5x01	2799100721000	0.002130528911948204	0.002130528911948204	0.0
Nexus5x01	2799105745000	0.006391586735844612	0.0	0.0
Nexus5x01	2799110801000	-0.007456851191818714	-0.011717909015715122	-0.003195793367922306
Nexus5x01	2799115857000	-0.011717909015715122	-0.009587380103766918	0.002130528911948204
Nexus5x01	2799120978000	0.008522115647792816	-0.007456851191818714	-0.003195793367922306
Nexus5x01	2799126002000	0.006391586735844612	0.003195793367922306	-0.006391586735844612
Nexus5x01	2799131058000	0.007456851191818714	-0.004261057823896408	-0.001065264455974102
Nexus5x01	2799136114000	-0.002130528911948204	-0.004261057823896408	0.0
Nexus5x01	2799141226000	-0.004261057823896408	-0.00532632227987051	0.003195793367922306
Nexus5x01	2799146250000	0.004261057823896408	0.001065264455974102	-0.004261057823896408
Nexus5x01	2799151306000	0.004261057823896408	-0.004261057823896408	-0.011717909015715122
Nexus5x01	2799156362000	0.00532632227987051	-0.004261057823896408	-0.00532632227987051
Nexus5x01	2799161476000	0.00532632227987051	-0.001065264455974102	0.0
Nexus5x01	2799166500000	0.003195793367922306	-0.009587380103766918	-0.001065264455974102
Nexus5x01	2799171556000	0.002130528911948204	0.004261057823896408	-0.002130528911948204
Nexus5x01	2799176612000	-0.006391586735844612	0.003195793367922306	-0.004261057823896408
Nexus5x01	2799181723000	0.007456851191818714	0.0	-0.002130528911948204
Nexus5x01	2799186747000	0.003195793367922306	-0.003195793367922306	-0.003195793367922306
Nexus5x01	2799191803000	-0.001065264455974102	-0.002130528911948204	0.003195793367922306
Nexus5x01	2799196859000	0.002130528911948204	-0.011717909015715122	-0.011717909015715122
Nexus5x01	2799201969000	0.003195793367922306	-0.01065264455974102	-0.002130528911948204
Nexus5x01	2799206993000	0.003195793367922306	-0.001065264455974102	-0.007456851191818714
Nexus5x01	2799212049000	0.006391586735844612	-0.007456851191818714	0.002130528911948204
Nexus5x01	2799217105000	-0.002130528911948204	-0.002130528911948204	-0.011717909015715122
Nexus5x01	2799222231000	-0.001065264455974102	-0.00532632227987051	-0.009587380103766918
Nexus5x01	2799227255000	0.00532632227987051	0.00532632227987051	0.004261057823896408
Nexus5x01	2799232311000	0.007456851191818714	-0.014913702383637428	0.003195793367922306
Nexus5x01	2799237367000	-0.012783173471689224	0.003195793367922306	-0.00532632227987051
Nexus5x01	2799242484000	0.001065264455974102	0.001065264455974102	0.002130528911948204
Nexus5x01	2799247508000	0.0	-0.002130528911948204	-0.001065264455974102
Nexus5x01	2799252564000	-0.006391586735844612	0.00532632227987051	-0.001065264455974102
Nexus5x01	2799257620000	-0.00532632227987051	0.003195793367922306	-0.003195793367922306
Nexus5x01	2799262735000	0.004261057823896408	-0.006391586735844612	0.002130528911948204
Nexus5x01	2799267759000	0.002130528911948204	0.004261057823896408	-0.001065264455974102
Nexus5x01	2799272815000	0.007456851191818714	0.0	-0.001065264455974102
Nexus5x01	2799277871000	0.006391586735844612	0.004261057823896408	0.006391586735844612
Nexus5x01	2799282986000	0.003195793367922306	-0.004261057823896408	-0.007456851191818714
Nexus5x01	2799288010000	0.003195793367922306	-0.001065264455974102	-0.004261057823896408
Nexus5x01	2799293066000	0.009587380103766918	-0.007456851191818714	0.003195793367922306
Nexus5x01	2799298122000	0.006391586735844612	0.0	-0.003195793367922306
Nexus5x01	2799303235000	0.00532632227987051	-0.00532632227987051	0.001065264455974102
Nexus5x01	2799308259000	0.00532632227987051	-0.001065264455974102	0.0
Nexus5x01	2799313315000	-0.001065264455974102	0.0	0.0
Nexus5x01	2799318371000	0.007456851191818714	-0.002130528911948204	0.001065264455974102
Nexus5x01	2799323459000	-0.001065264455974102	-0.001065264455974102	-0.009587380103766918
Nexus5x01	2799328483000	0.002130528911948204	-0.008522115647792816	0.002130528911948204
Nexus5x01	2799333539000	0.008522115647792816	0.004261057823896408	0.0
Nexus5x01	2799338595000	0.002130528911948204	-0.001065264455974102	0.003195793367922306
Nexus5x01	2799343766000	0.0	0.001065264455974102	-0.002130528911948204
Nexus5x01	2799348790000	0.009587380103766918	0.0	-0.009587380103766918
Nexus5x01	2799353846000	0.003195793367922306	-0.003195793367922306	-0.003195793367922306
Nexus5x01	2799358902000	0.012783173471689224	-0.00532632227987051	0.0
Nexus5x01	2799364022000	-0.004261057823896408	0.003195793367922306	-0.003195793367922306
Nexus5x01	2799369046000	0.007456851191818714	-0.00532632227987051	0.0
Nexus5x01	2799374102000	0.002130528911948204	-0.003195793367922306	-0.013848437927663326
Nexus5x01	2799379158000	-0.01065264455974102	-0.001065264455974102	0.002130528911948204
Nexus5x01	2799384283000	0.00532632227987051	-0.007456851191818714	0.002130528911948204
Nexus5x01	2799389307000	0.00532632227987051	-0.00532632227987051	-0.002130528911948204
Nexus5x01	2799394363000	0.004261057823896408	-0.002130528911948204	-0.01065264455974102
Nexus5x01	2799399419000	0.001065264455974102	0.002130528911948204	0.002130528911948204
Nexus5x01	2799404512000	0.006391586735844612	-0.004261057823896408	-0.006391586735844612
Nexus5x01	2799409536000	0.001065264455974102	0.001065264455974102	-0.002130528911948204
Nexus5x01	2799414592000	0.0	-0.006391586735844612	-0.004261057823896408
Nexus5x01	2799419648000	0.001065264455974102	0.006391586735844612	0.002130528911948204
Nexus5x01	2799424741000	0.012783173471689224	-0.003195793367922306	-0.009587380103766918
Nexus5x01	2799429765000	-0.007456851191818714	-0.001065264455974102	0.001065264455974102
Nexus5x01	2799434821000	0.0	-0.004261057823896408	0.002130528911948204
Nexus5x01	2799439877000	0.0	-0.002130528911948204	-0.004261057823896408
Nexus5x01	2799445007000	-0.002130528911948204	0.00532632227987051	0.001065264455974102
Nexus5x01	2799450031000	0.0	-0.007456851191818714	-0.007456851191818714
Nexus5x01	2799455087000	0.001065264455974102	0.00532632227987051	-0.00532632227987051
Nexus5x01	2799460143000	-0.01065264455974102	0.007456851191818714	0.001065264455974102
Nexus5x01	2799465267000	0.008522115647792816	0.004261057823896408	0.00532632227987051
Nexus5x01	2799470291000	-0.003195793367922306	-0.002130528911948204	-0.008522115647792816
Nexus5x01	2799475347000	0.0	-0.001065264455974102	-0.003195793367922306
Nexus5x01	2799480403000	0.00532632227987051	-0.00532632227987051	0.008522115647792816
Nexus5x01	2799485521000	0.001065264455974102	-0.003195793367922306	-0.009587380103766918
Nexus5x01	2799490545000	0.004261057823896408	0.001065264455974102	0.002130528911948204
Nexus5x01	2799495601000	-0.004261057823896408	-0.003195793367922306	-0.001065264455974102
Nexus5x01	2799500657000	-0.001065264455974102	0.003195793367922306	-0.007456851191818714
Nexus5x01	2799505775000	0.003195793367922306	0.0	-0.001065264455974102
Nexus5x01	2799510799000	-0.003195793367922306	-0.002130528911948204	0.003195793367922306
Nexus5x01	2799515855000	-0.006391586735844612	0.0	0.007456851191818714
Nexus5x01	2799520911000	0.002130528911948204	-0.00532632227987051	-0.003195793367922306
Nexus5x01	2799526002000	0.006391586735844612	0.003195793367922306	-0.006391586735844612
Nexus5x01	2799531026000	0.001065264455974102	-0.006391586735844612	0.00532632227987051
Nexus5x01	2799536082000	-0.001065264455974102	-0.001065264455974102	0.003195793367922306
Nexus5x01	2799541138000	0.001065264455974102	-0.002130528911948204	-0.008522115647792816
Nexus5x01	2799546254000	0.00532632227987051	-0.002130528911948204	0.007456851191818714
Nexus5x01	2799551278000	0.004261057823896408	-0.002130528911948204	-0.007456851191818714
Nexus5x01	2799556334000	0.003195793367922306	-0.011717909015715122	-0.002130528911948204
Nexus5x01	2799561390000	0.008522115647792816	0.003195793367922306	-0.00532632227987051
Nexus5x01	2799566504000	0.00532632227987051	-0.002130528911948204	0.002130528911948204
Nexus5x01	2799571528000	-0.004261057823896408	0.0	0.00532632227987051
Nexus5x01	2799576584000	0.0	-0.004261057823896408	-0.00532632227987051
Nexus5x01	2799581640000	0.003195793367922306	-0.004261057823896408	-0.004261057823896408
Nexus5x01	2799586765000	0.001065264455974102	0.002130528911948204	0.0
Nexus5x01	2799591789000	0.0	-0.006391586735844612	-0.002130528911948204
Nexus5x01	2799596845000	0.004261057823896408	-0.002130528911948204	-0.002130528911948204
Nexus5x01	2799601901000	0.0	0.003195793367922306	-0.002130528911948204
Nexus5x01	2799607019000	0.001065264455974102	-0.007456851191818714	-0.00532632227987051
Nexus5x01	2799612043000	0.0	0.001065264455974102	0.003195793367922306
Nexus5x01	2799617099000	0.004261057823896408	-0.001065264455974102	-0.01065264455974102
Nexus5x01	2799622155000	-0.006391586735844612	0.0	-0.002130528911948204
Nexus5x01	2799627276000	-0.004261057823896408	-0.007456851191818714	0.0
Nexus5x01	2799632300000	0.0	-0.003195793367922306	-0.006391586735844612
Nexus5x01	2799637356000	0.003195793367922306	0.002130528911948204	-0.001065264455974102
Nexus5x01	2799642412000	-0.001065264455974102	0.003195793367922306	-0.007456851191818714
Nexus5x01	2799647544000	0.004261057823896408	0.002130528911948204	0.003195793367922306
Nexus5x01	2799652568000	-0.006391586735844612	0.001065264455974102	-0.009587380103766918
Nexus5x01	2799657624000	0.001065264455974102	-0.008522115647792816	-0.008522115647792816
Nexus5x01	2799662680000	-0.001065264455974102	-0.007456851191818714	0.002130528911948204
Nexus5x01	2799667785000	0.001065264455974102	0.004261057823896408	-0.011717909015715122
Nexus5x01	2799672809000	0.001065264455974102	0.001065264455974102	0.002130528911948204
Nexus5x01	2799677865000	0.011717909015715122	-0.009587380103766918	0.00532632227987051
Nexus5x01	2799682921000	0.00532632227987051	0.002130528911948204	-0.007456851191818714
Nexus5x01	2799688030000	0.003195793367922306	0.003195793367922306	-0.019174760207533836
Nexus5x01	2799693054000	0.00532632227987051	-0.006391586735844612	-0.006391586735844612
Nexus5x01	2799698110000	0.001065264455974102	-0.009587380103766918	-0.01065264455974102
Nexus5x01	2799703166000	-0.008522115647792816	-0.003195793367922306	-0.003195793367922306
Nexus5x01	2799708277000	0.004261057823896408	-0.007456851191818714	-0.00532632227987051
Nexus5x01	2799713301000	0.00532632227987051	-0.003195793367922306	-0.006391586735844612
Nexus5x01	2799718357000	0.001065264455974102	0.0	-0.003195793367922306
Nexus5x01	2799723413000	0.0	0.001065264455974102	0.0
Nexus5x01	2799728554000	-0.01065264455974102	-0.009587380103766918	-0.003195793367922306
Nexus5x01	2799733578000	-0.001065264455974102	0.0	-0.007456851191818714
Nexus5x01	2799738634000	0.004261057823896408	0.004261057823896408	0.001065264455974102
Nexus5x01	2799743690000	0.00532632227987051	-0.00532632227987051	-0.004261057823896408
Nexus5x01	2799748820000	0.002130528911948204	-0.003195793367922306	0.003195793367922306
Nexus5x01	2799753844000	-0.001065264455974102	-0.004261057823896408	-0.008522115647792816
Nexus5x01	2799758900000	0.007456851191818714	-0.01065264455974102	0.00532632227987051
Nexus5x01	2799763956000	-0.001065264455974102	-0.004261057823896408	-0.006391586735844612
Nexus5x01	2799769066000	0.001065264455974102	-0.007456851191818714	-0.00532632227987051
Nexus5x01	2799774090000	0.006391586735844612	-0.008522115647792816	-0.001065264455974102
Nexus5x01	2799779146000	0.006391586735844612	-0.002130528911948204	-0.007456851191818714
Nexus5x01	2799784202000	-0.006391586735844612	0.001065264455974102	0.0
Nexus5x01	2799789312000	0.004261057823896408	0.0	-0.002130528911948204
Nexus5x01	2799794336000	0.004261057823896408	0.002130528911948204	-0.023435818031430244
Nexus5x01	2799799392000	0.0	0.002130528911948204	0.003195793367922306
Nexus5x01	2799804448000	0.002130528911948204	0.0	0.017044231295585632
Nexus5x01	2799809544000	0.01065264455974102	0.001065264455974102	-0.002130528911948204
Nexus5x01	2799814568000	-0.001065264455974102	0.003195793367922306	0.002130528911948204
Nexus5x01	2799819624000	0.013848437927663326	-0.001065264455974102	-0.009587380103766918
Nexus5x01	2799824680000	0.0	0.0	-0.01065264455974102
Nexus5x01	2799829792000	0.003195793367922306	0.002130528911948204	-0.007456851191818714
Nexus5x01	2799834816000	0.0	0.00532632227987051	0.002130528911948204
Nexus5x01	2799839872000	-0.008522115647792816	0.001065264455974102	-0.001065264455974102
Nexus5x01	2799844928000	0.004261057823896408	0.00532632227987051	-0.001065264455974102
Nexus5x01	2799850075000	0.002130528911948204	0.001065264455974102	0.001065264455974102
Nexus5x01	2799855099000	-0.003195793367922306	-0.006391586735844612	0.0
Nexus5x01	2799860155000	0.00532632227987051	-0.006391586735844612	-0.002130528911948204
Nexus5x01	2799865211000	0.01065264455974102	-0.002130528911948204	-0.00532632227987051
Nexus5x01	2799870335000	0.006391586735844612	0.0	0.0
Nexus5x01	2799875359000	-0.002130528911948204	-0.003195793367922306	-0.006391586735844612
Nexus5x01	2799880415000	0.006391586735844612	0.002130528911948204	0.0
Nexus5x01	2799885471000	0.002130528911948204	-0.001065264455974102	-0.009587380103766918
Nexus5x01	2799890594000	0.0	-0.008522115647792816	-0.008522115647792816
Nexus5x01	2799895618000	0.002130528911948204	0.003195793367922306	-0.003195793367922306
Nexus5x01	2799900674000	0.011717909015715122	-0.009587380103766918	-0.00532632227987051
Nexus5x01	2799905730000	0.002130528911948204	0.006391586735844612	-0.001065264455974102
