displayname	timestamp	x	y	z
Nexus5x04	5659333360000	-0.003195793367922306	0.003195793367922306	-0.030892670154571533
Nexus5x04	5659338480000	0.008522115647792816	0.001065264455974102	-0.014913702383637428
Nexus5x04	5659343632000	-0.01065264455974102	-0.011717909015715122	-0.011717909015715122
Nexus5x04	5659346215000	-0.003195793367922306	-0.004261057823896408	0.0
Nexus5x04	5659348679000	0.002130528911948204	0.002130528911948204	0.01065264455974102
Nexus5x04	5659351175000	-0.012783173471689224	-0.002130528911948204	0.015978965908288956
Nexus5x04	5659353671000	0.002130528911948204	0.001065264455974102	0.01810949668288231
Nexus5x04	5659356144000	0.003195793367922306	0.0	0.027696875855326653
Nexus5x04	5659358608000	0.0	-0.008522115647792816	0.017044231295585632
Nexus5x04	5659361104000	0.003195793367922306	-0.003195793367922306	0.019174760207533836
Nexus5x04	5659363650000	0.004261057823896408	0.0	0.011717909015715122
Nexus5x04	5659366114000	-0.002130528911948204	0.00532632227987051	0.00532632227987051
Nexus5x04	5659368610000	0.002130528911948204	-0.006391586735844612	-0.004261057823896408
Nexus5x04	5659371106000	0.006391586735844612	-0.003195793367922306	-0.008522115647792816
Nexus5x04	5659373653000	-0.001065264455974102	-0.004261057823896408	-0.007456851191818714
Nexus5x04	5659376117000	-0.008522115647792816	0.001065264455974102	-0.007456851191818714
Nexus5x04	5659381909000	0.007456851191818714	0.0	-0.022370554506778717
Nexus5x04	5659384434000	-0.006391586735844612	-0.006391586735844612	-0.014913702383637428
Nexus5x04	5659386962000	0.008522115647792816	0.006391586735844612	-0.017044231295585632
Nexus5x04	5659392018000	-0.001065264455974102	-0.004261057823896408	-0.011717909015715122
Nexus5x04	5659397106000	-0.006391586735844612	0.004261057823896408	-0.020240023732185364
Nexus5x04	5659402207000	-0.002130528911948204	0.0	-0.001065264455974102
Nexus5x04	5659407231000	0.0	-0.001065264455974102	-0.001065264455974102
Nexus5x04	5659412287000	0.006391586735844612	0.0	0.004261057823896408
Nexus5x04	5659417375000	0.0	-0.00532632227987051	0.007456851191818714
Nexus5x04	5659422311000	0.00532632227987051	-0.002130528911948204	0.007456851191818714
Nexus5x04	5659427335000	0.004261057823896408	-0.002130528911948204	0.006391586735844612
Nexus5x04	5659432391000	-0.001065264455974102	0.007456851191818714	0.002130528911948204
Nexus5x04	5659437447000	-0.007456851191818714	-0.00532632227987051	0.0
Nexus5x04	5659442565000	0.007456851191818714	-0.001065264455974102	0.015978965908288956
Nexus5x04	5659447589000	0.002130528911948204	-0.003195793367922306	0.006391586735844612
Nexus5x04	5659452645000	-0.01065264455974102	-0.003195793367922306	-0.006391586735844612
Nexus5x04	5659457701000	0.002130528911948204	0.0	-0.002130528911948204
Nexus5x04	5659462811000	-0.001065264455974102	0.0	-0.007456851191818714
Nexus5x04	5659467835000	-0.006391586735844612	0.0	-0.003195793367922306
Nexus5x04	5659472891000	0.002130528911948204	0.004261057823896408	-0.015978965908288956
Nexus5x04	5659477947000	0.006391586735844612	0.004261057823896408	-0.008522115647792816
Nexus5x04	5659483039000	0.0	0.002130528911948204	-0.009587380103766918
Nexus5x04	5659488063000	-0.00532632227987051	0.0	-0.009587380103766918
Nexus5x04	5659493119000	0.002130528911948204	-0.004261057823896408	-0.006391586735844612
Nexus5x04	5659498175000	0.012783173471689224	-0.00532632227987051	-0.002130528911948204
Nexus5x04	5659503305000	-0.008522115647792816	0.00532632227987051	-0.001065264455974102
Nexus5x04	5659508329000	0.008522115647792816	0.002130528911948204	0.007456851191818714
Nexus5x04	5659513385000	0.0	0.0	0.002130528911948204
Nexus5x04	5659518441000	-0.001065264455974102	0.003195793367922306	0.008522115647792816
Nexus5x04	5659523468000	-0.003195793367922306	-0.00532632227987051	0.001065264455974102
Nexus5x04	5659528492000	0.003195793367922306	0.0	0.007456851191818714
Nexus5x04	5659533548000	-0.002130528911948204	0.00532632227987051	0.006391586735844612
Nexus5x04	5659538604000	-0.003195793367922306	0.007456851191818714	-0.008522115647792816
Nexus5x04	5659543730000	-0.003195793367922306	-0.002130528911948204	-0.001065264455974102
Nexus5x04	5659548754000	0.0	-0.01065264455974102	-0.003195793367922306
Nexus5x04	5659553810000	-0.012783173471689224	-0.003195793367922306	-0.003195793367922306
Nexus5x04	5659558866000	-0.00532632227987051	0.002130528911948204	-0.008522115647792816
Nexus5x04	5659563996000	0.007456851191818714	0.0	0.002130528911948204
Nexus5x04	5659569020000	-0.004261057823896408	-0.003195793367922306	-0.00532632227987051
Nexus5x04	5659574076000	0.0	-0.003195793367922306	0.0
Nexus5x04	5659579132000	0.006391586735844612	0.002130528911948204	-0.002130528911948204
Nexus5x04	5659584275000	0.001065264455974102	0.0	-0.00532632227987051
Nexus5x04	5659589299000	0.0	0.001065264455974102	0.001065264455974102
Nexus5x04	5659594355000	-0.006391586735844612	-0.003195793367922306	-0.002130528911948204
Nexus5x04	5659599411000	0.007456851191818714	-0.004261057823896408	0.0
Nexus5x04	5659604524000	-0.002130528911948204	-0.003195793367922306	-0.004261057823896408
Nexus5x04	5659609548000	-0.002130528911948204	-0.004261057823896408	-0.003195793367922306
Nexus5x04	5659614604000	0.004261057823896408	-0.001065264455974102	0.002130528911948204
Nexus5x04	5659619660000	0.0	0.0	0.001065264455974102
Nexus5x04	5659624838000	0.007456851191818714	0.006391586735844612	-0.004261057823896408
Nexus5x04	5659629862000	-0.011717909015715122	-0.004261057823896408	-0.001065264455974102
Nexus5x04	5659634918000	0.001065264455974102	-0.00532632227987051	-0.006391586735844612
Nexus5x04	5659639974000	-0.008522115647792816	0.004261057823896408	-0.00532632227987051
Nexus5x04	5659645044000	-0.003195793367922306	0.001065264455974102	-0.013848437927663326
Nexus5x04	5659650068000	0.008522115647792816	0.001065264455974102	-0.00532632227987051
Nexus5x04	5659655124000	-0.009587380103766918	0.002130528911948204	-0.002130528911948204
Nexus5x04	5659660180000	-0.001065264455974102	0.0	-0.004261057823896408
Nexus5x04	5659665250000	0.00532632227987051	0.004261057823896408	0.0
Nexus5x04	5659670274000	-0.006391586735844612	0.003195793367922306	-0.004261057823896408
Nexus5x04	5659675330000	0.0	0.001065264455974102	-0.003195793367922306
Nexus5x04	5659680386000	-0.001065264455974102	-0.001065264455974102	-0.008522115647792816
Nexus5x04	5659685483000	0.001065264455974102	-0.003195793367922306	0.002130528911948204
Nexus5x04	5659690507000	-0.002130528911948204	-0.001065264455974102	-0.006391586735844612
Nexus5x04	5659695563000	-0.002130528911948204	0.0	0.009587380103766918
Nexus5x04	5659700619000	0.0	-0.001065264455974102	0.001065264455974102
Nexus5x04	5659705705000	0.008522115647792816	0.002130528911948204	0.0
Nexus5x04	5659710729000	0.008522115647792816	-0.007456851191818714	-0.002130528911948204
Nexus5x04	5659715785000	0.002130528911948204	-0.002130528911948204	0.00532632227987051
Nexus5x04	5659720841000	-0.001065264455974102	-0.00532632227987051	0.002130528911948204
Nexus5x04	5659726133000	-0.01065264455974102	0.0	0.002130528911948204
Nexus5x04	5659731157000	0.002130528911948204	0.002130528911948204	-0.002130528911948204
Nexus5x04	5659736213000	0.003195793367922306	0.003195793367922306	0.002130528911948204
Nexus5x04	5659741269000	0.008522115647792816	0.002130528911948204	-0.002130528911948204
Nexus5x04	5659746419000	0.0	0.004261057823896408	0.0
Nexus5x04	5659751443000	-0.003195793367922306	0.006391586735844612	-0.001065264455974102
Nexus5x04	5659756499000	-0.001065264455974102	-0.001065264455974102	-0.002130528911948204
Nexus5x04	5659761555000	-0.009587380103766918	0.00532632227987051	-0.001065264455974102
Nexus5x04	5659766684000	-0.00532632227987051	0.003195793367922306	0.002130528911948204
Nexus5x04	5659771708000	-0.00532632227987051	-0.001065264455974102	-0.00532632227987051
Nexus5x04	5659776764000	-0.007456851191818714	-0.004261057823896408	-0.006391586735844612
Nexus5x04	5659781820000	0.009587380103766918	-0.004261057823896408	0.001065264455974102
Nexus5x04	5659786908000	-0.007456851191818714	0.0	-0.004261057823896408
Nexus5x04	5659791932000	0.003195793367922306	-0.00532632227987051	0.003195793367922306
Nexus5x04	5659796988000	-0.017044231295585632	0.001065264455974102	0.001065264455974102
Nexus5x04	5659802044000	-0.004261057823896408	-0.004261057823896408	0.002130528911948204
Nexus5x04	5659807161000	0.009587380103766918	0.002130528911948204	0.001065264455974102
Nexus5x04	5659812185000	0.014913702383637428	-0.004261057823896408	0.001065264455974102
Nexus5x04	5659817241000	0.0	0.004261057823896408	0.0
Nexus5x04	5659822297000	-0.004261057823896408	-0.003195793367922306	0.006391586735844612
Nexus5x04	5659827306000	-0.00532632227987051	0.0	-0.009587380103766918
Nexus5x04	5659832330000	0.004261057823896408	0.006391586735844612	-0.003195793367922306
Nexus5x04	5659837386000	0.008522115647792816	0.002130528911948204	0.002130528911948204
Nexus5x04	5659842442000	0.004261057823896408	-0.014913702383637428	-0.003195793367922306
Nexus5x04	5659847542000	0.009587380103766918	0.002130528911948204	0.004261057823896408
Nexus5x04	5659852566000	-0.012783173471689224	-0.002130528911948204	-0.004261057823896408
Nexus5x04	5659857622000	-0.007456851191818714	-0.004261057823896408	-0.01065264455974102
Nexus5x04	5659862678000	0.004261057823896408	0.002130528911948204	-0.007456851191818714
Nexus5x04	5659867753000	0.00532632227987051	0.0	-0.004261057823896408
Nexus5x04	5659872777000	0.007456851191818714	-0.008522115647792816	-0.006391586735844612
Nexus5x04	5659877833000	0.004261057823896408	-0.002130528911948204	0.004261057823896408
Nexus5x04	5659882889000	-0.001065264455974102	0.002130528911948204	-0.001065264455974102
Nexus5x04	5659887996000	-0.012783173471689224	-0.002130528911948204	0.004261057823896408
Nexus5x04	5659893020000	-0.004261057823896408	0.00532632227987051	0.006391586735844612
Nexus5x04	5659898076000	0.0	0.00532632227987051	0.00532632227987051
Nexus5x04	5659903132000	-0.012783173471689224	0.002130528911948204	-0.003195793367922306
Nexus5x04	5659908203000	0.004261057823896408	-0.013848437927663326	-0.004261057823896408
Nexus5x04	5659913227000	0.006391586735844612	-0.004261057823896408	-0.001065264455974102
Nexus5x04	5659918283000	-0.004261057823896408	0.003195793367922306	-0.003195793367922306
Nexus5x04	5659923339000	0.009587380103766918	-0.002130528911948204	-0.00532632227987051
Nexus5x04	5659928339000	0.002130528911948204	0.0	0.001065264455974102
Nexus5x04	5659933363000	-0.00532632227987051	0.004261057823896408	0.003195793367922306
Nexus5x04	5659938419000	-0.007456851191818714	0.001065264455974102	0.003195793367922306
Nexus5x04	5659943475000	0.001065264455974102	0.0	-0.007456851191818714
Nexus5x04	5659948573000	-0.001065264455974102	-0.00532632227987051	-0.006391586735844612
Nexus5x04	5659953597000	-0.003195793367922306	-0.003195793367922306	-0.003195793367922306
Nexus5x04	5659958653000	-0.002130528911948204	0.003195793367922306	0.00532632227987051
Nexus5x04	5659963709000	0.009587380103766918	0.004261057823896408	-0.003195793367922306
Nexus5x04	5659968808000	0.003195793367922306	-0.001065264455974102	0.0
Nexus5x04	5659973832000	0.01065264455974102	-0.004261057823896408	-0.006391586735844612
Nexus5x04	5659978888000	-0.007456851191818714	0.004261057823896408	0.003195793367922306
Nexus5x04	5659983944000	-0.002130528911948204	-0.003195793367922306	-0.00532632227987051
Nexus5x04	5659989046000	0.0	0.003195793367922306	-0.002130528911948204
Nexus5x04	5659994070000	-0.002130528911948204	-0.002130528911948204	0.001065264455974102
Nexus5x04	5659999126000	0.01065264455974102	0.002130528911948204	-0.004261057823896408
Nexus5x04	5660004182000	-0.007456851191818714	-0.001065264455974102	0.002130528911948204
Nexus5x04	5660009281000	0.00532632227987051	-0.008522115647792816	-0.008522115647792816
Nexus5x04	5660014305000	-0.001065264455974102	-0.006391586735844612	-0.006391586735844612
Nexus5x04	5660019361000	-0.004261057823896408	-0.001065264455974102	-0.007456851191818714
Nexus5x04	5660024417000	-0.008522115647792816	0.01065264455974102	0.006391586735844612
Nexus5x04	5660029632000	-0.007456851191818714	0.001065264455974102	-0.003195793367922306
Nexus5x04	5660034656000	-0.011717909015715122	0.002130528911948204	-0.007456851191818714
Nexus5x04	5660039712000	0.001065264455974102	0.0	-0.006391586735844612
Nexus5x04	5660044768000	0.004261057823896408	0.0	-0.006391586735844612
Nexus5x04	5660049845000	-0.007456851191818714	-0.004261057823896408	-0.001065264455974102
Nexus5x04	5660054869000	-0.012783173471689224	-0.00532632227987051	-0.003195793367922306
Nexus5x04	5660059925000	0.0	-0.001065264455974102	0.004261057823896408
Nexus5x04	5660064981000	0.008522115647792816	-0.003195793367922306	-0.00532632227987051
Nexus5x04	5660070119000	-0.002130528911948204	-0.002130528911948204	-0.001065264455974102
Nexus5x04	5660075143000	0.004261057823896408	0.007456851191818714	-0.008522115647792816
Nexus5x04	5660080199000	0.001065264455974102	0.003195793367922306	-0.007456851191818714
Nexus5x04	5660085255000	0.001065264455974102	-0.003195793367922306	0.001065264455974102
Nexus5x04	5660090408000	0.007456851191818714	-0.003195793367922306	-0.011717909015715122
Nexus5x04	5660095432000	0.00532632227987051	0.00532632227987051	-0.003195793367922306
Nexus5x04	5660100488000	-0.009587380103766918	0.0	-0.004261057823896408
Nexus5x04	5660105544000	0.004261057823896408	0.001065264455974102	0.003195793367922306
Nexus5x04	5660110701000	0.003195793367922306	0.003195793367922306	0.001065264455974102
Nexus5x04	5660115725000	0.00532632227987051	-0.008522115647792816	-0.006391586735844612
Nexus5x04	5660120781000	-0.001065264455974102	0.001065264455974102	-0.004261057823896408
Nexus5x04	5660125837000	0.002130528911948204	0.004261057823896408	0.007456851191818714
Nexus5x04	5660131001000	0.001065264455974102	-0.001065264455974102	0.001065264455974102
Nexus5x04	5660136025000	0.002130528911948204	-0.003195793367922306	0.003195793367922306
Nexus5x04	5660141081000	0.01065264455974102	0.001065264455974102	0.008522115647792816
Nexus5x04	5660146137000	-0.004261057823896408	0.001065264455974102	0.001065264455974102
Nexus5x04	5660151263000	-0.009587380103766918	-0.004261057823896408	-0.003195793367922306
Nexus5x04	5660156287000	0.002130528911948204	0.002130528911948204	0.001065264455974102
Nexus5x04	5660161343000	-0.003195793367922306	-0.002130528911948204	0.002130528911948204
Nexus5x04	5660166399000	0.001065264455974102	0.003195793367922306	-0.006391586735844612
Nexus5x04	5660171479000	-0.003195793367922306	0.003195793367922306	-0.004261057823896408
Nexus5x04	5660176503000	0.002130528911948204	-0.001065264455974102	0.001065264455974102
Nexus5x04	5660181559000	0.006391586735844612	0.013848437927663326	-0.003195793367922306
Nexus5x04	5660186615000	-0.004261057823896408	-0.004261057823896408	0.003195793367922306
Nexus5x04	5660191689000	0.003195793367922306	-0.001065264455974102	0.003195793367922306
Nexus5x04	5660196713000	0.001065264455974102	0.002130528911948204	-0.006391586735844612
Nexus5x04	5660201769000	0.007456851191818714	0.001065264455974102	-0.007456851191818714
Nexus5x04	5660206825000	0.0	-0.004261057823896408	0.001065264455974102
Nexus5x04	5660211879000	0.00532632227987051	0.004261057823896408	0.002130528911948204
Nexus5x04	5660216903000	-0.001065264455974102	0.002130528911948204	0.0
Nexus5x04	5660221959000	-0.007456851191818714	0.003195793367922306	0.00532632227987051
Nexus5x04	5660227015000	-0.001065264455974102	0.002130528911948204	-0.001065264455974102
Nexus5x04	5660232132000	0.002130528911948204	-0.002130528911948204	-0.003195793367922306
Nexus5x04	5660237156000	0.003195793367922306	0.003195793367922306	0.001065264455974102
Nexus5x04	5660242212000	-0.002130528911948204	0.00532632227987051	0.004261057823896408
Nexus5x04	5660247268000	0.004261057823896408	-0.001065264455974102	-0.003195793367922306
Nexus5x04	5660252398000	-0.003195793367922306	0.003195793367922306	-0.004261057823896408
Nexus5x04	5660257422000	0.0	-0.002130528911948204	-0.001065264455974102
Nexus5x04	5660262478000	0.003195793367922306	-0.002130528911948204	-0.002130528911948204
Nexus5x04	5660267534000	-0.00532632227987051	-0.001065264455974102	0.01065264455974102
Nexus5x04	5660272681000	0.001065264455974102	0.002130528911948204	-0.003195793367922306
Nexus5x04	5660277705000	0.001065264455974102	0.00532632227987051	0.001065264455974102
Nexus5x04	5660282761000	-0.003195793367922306	-0.00532632227987051	0.003195793367922306
Nexus5x04	5660287817000	0.007456851191818714	0.003195793367922306	0.004261057823896408
Nexus5x04	5660292932000	0.00532632227987051	-0.002130528911948204	0.0
Nexus5x04	5660297956000	0.0	-0.003195793367922306	-0.003195793367922306
Nexus5x04	5660303012000	-0.002130528911948204	-0.002130528911948204	0.0
Nexus5x04	5660308068000	-0.006391586735844612	0.0	-0.003195793367922306
Nexus5x04	5660313218000	-0.002130528911948204	-0.001065264455974102	-0.006391586735844612
Nexus5x04	5660318242000	-0.006391586735844612	-0.003195793367922306	-0.004261057823896408
Nexus5x04	5660323298000	0.0	0.001065264455974102	0.00532632227987051
Nexus5x04	5660328354000	0.006391586735844612	0.003195793367922306	-0.007456851191818714
Nexus5x04	5660333412000	-0.009587380103766918	-0.003195793367922306	0.001065264455974102
Nexus5x04	5660338436000	-0.003195793367922306	-0.009587380103766918	-0.013848437927663326
Nexus5x04	5660343492000	-0.003195793367922306	-0.003195793367922306	-0.001065264455974102
Nexus5x04	5660348548000	0.002130528911948204	0.007456851191818714	0.0
Nexus5x04	5660353671000	-0.007456851191818714	-0.004261057823896408	-0.001065264455974102
Nexus5x04	5660358695000	-0.00532632227987051	0.00532632227987051	-0.001065264455974102
Nexus5x04	5660363751000	0.008522115647792816	0.001065264455974102	-0.002130528911948204
Nexus5x04	5660368807000	-0.007456851191818714	0.008522115647792816	-0.003195793367922306
Nexus5x04	5660373923000	0.00532632227987051	-0.006391586735844612	-0.003195793367922306
Nexus5x04	5660378947000	0.006391586735844612	-0.001065264455974102	-0.00532632227987051
Nexus5x04	5660384003000	0.001065264455974102	-0.003195793367922306	0.001065264455974102
Nexus5x04	5660389059000	-0.001065264455974102	0.0	-0.003195793367922306
Nexus5x04	5660394165000	0.007456851191818714	-0.006391586735844612	0.002130528911948204
Nexus5x04	5660399189000	0.006391586735844612	-0.004261057823896408	-0.004261057823896408
Nexus5x04	5660404245000	-0.004261057823896408	0.002130528911948204	-0.006391586735844612
Nexus5x04	5660409301000	0.0	-0.001065264455974102	0.0
Nexus5x04	5660414409000	-0.00532632227987051	-0.004261057823896408	0.0
Nexus5x04	5660419433000	-0.003195793367922306	0.0	-0.004261057823896408
Nexus5x04	5660424489000	0.012783173471689224	-0.001065264455974102	-0.007456851191818714
Nexus5x04	5660429545000	0.004261057823896408	-0.004261057823896408	-0.00532632227987051
Nexus5x04	5660434709000	-0.009587380103766918	0.006391586735844612	0.001065264455974102
Nexus5x04	5660439733000	0.003195793367922306	0.001065264455974102	0.002130528911948204
Nexus5x04	5660444789000	-0.006391586735844612	-0.008522115647792816	-0.002130528911948204
Nexus5x04	5660449845000	0.007456851191818714	0.001065264455974102	-0.006391586735844612
Nexus5x04	5660454920000	0.003195793367922306	0.003195793367922306	-0.003195793367922306
Nexus5x04	5660459944000	0.009587380103766918	0.001065264455974102	0.007456851191818714
Nexus5x04	5660465000000	0.004261057823896408	-0.001065264455974102	0.001065264455974102
Nexus5x04	5660470056000	-0.002130528911948204	-0.001065264455974102	0.001065264455974102
Nexus5x04	5660475181000	0.002130528911948204	0.003195793367922306	-0.003195793367922306
Nexus5x04	5660480205000	-0.007456851191818714	-0.001065264455974102	-0.001065264455974102
Nexus5x04	5660485261000	0.002130528911948204	-0.001065264455974102	0.0
Nexus5x04	5660490317000	0.0	0.001065264455974102	-0.006391586735844612
Nexus5x04	5660495461000	-0.002130528911948204	-0.004261057823896408	0.002130528911948204
Nexus5x04	5660500485000	0.004261057823896408	-0.007456851191818714	-0.004261057823896408
Nexus5x04	5660505541000	0.0	-0.002130528911948204	-0.00532632227987051
Nexus5x04	5660510597000	-0.003195793367922306	-0.003195793367922306	-0.007456851191818714
Nexus5x04	5660515710000	-0.002130528911948204	0.001065264455974102	-0.002130528911948204
Nexus5x04	5660520734000	0.001065264455974102	0.002130528911948204	-0.00532632227987051
Nexus5x04	5660525790000	-0.007456851191818714	-0.002130528911948204	-0.003195793367922306
Nexus5x04	5660530846000	-0.004261057823896408	-0.003195793367922306	-0.012783173471689224
Nexus5x04	5660535840000	-0.00532632227987051	0.001065264455974102	-0.001065264455974102
Nexus5x04	5660540864000	-0.00532632227987051	-0.003195793367922306	-0.006391586735844612
Nexus5x04	5660545920000	-0.003195793367922306	0.0	-0.002130528911948204
Nexus5x04	5660550976000	0.004261057823896408	0.01065264455974102	-0.001065264455974102
Nexus5x04	5660556088000	0.001065264455974102	-0.00532632227987051	0.001065264455974102
Nexus5x04	5660561112000	-0.002130528911948204	0.0	-0.004261057823896408
Nexus5x04	5660566168000	-0.001065264455974102	-0.003195793367922306	-0.008522115647792816
Nexus5x04	5660571224000	0.002130528911948204	0.007456851191818714	-0.001065264455974102
Nexus5x04	5660576329000	0.0	-0.009587380103766918	0.00532632227987051
Nexus5x04	5660581353000	-0.007456851191818714	-0.003195793367922306	-0.006391586735844612
Nexus5x04	5660586409000	0.002130528911948204	-0.002130528911948204	-0.002130528911948204
Nexus5x04	5660591465000	-0.002130528911948204	-0.007456851191818714	0.003195793367922306
Nexus5x04	5660596581000	-0.003195793367922306	-0.002130528911948204	-0.003195793367922306
Nexus5x04	5660601605000	0.007456851191818714	-0.01065264455974102	-0.009587380103766918
Nexus5x04	5660606661000	0.006391586735844612	0.0	-0.01065264455974102
Nexus5x04	5660611717000	0.01810949668288231	0.002130528911948204	-0.00532632227987051
Nexus5x04	5660616788000	0.006391586735844612	0.003195793367922306	-0.003195793367922306
Nexus5x04	5660621812000	0.0	-0.002130528911948204	0.00532632227987051
Nexus5x04	5660626868000	0.003195793367922306	0.001065264455974102	-0.006391586735844612
Nexus5x04	5660631924000	-0.002130528911948204	0.002130528911948204	-0.002130528911948204
Nexus5x04	5660637090000	0.015978965908288956	-0.002130528911948204	0.002130528911948204
Nexus5x04	5660642114000	0.003195793367922306	-0.001065264455974102	0.006391586735844612
Nexus5x04	5660647170000	0.004261057823896408	0.0	-0.003195793367922306
Nexus5x04	5660652226000	0.002130528911948204	0.004261057823896408	-0.013848437927663326
Nexus5x04	5660657340000	0.002130528911948204	0.004261057823896408	-0.001065264455974102
Nexus5x04	5660662364000	0.003195793367922306	0.001065264455974102	0.001065264455974102
Nexus5x04	5660667420000	-0.001065264455974102	-0.00532632227987051	-0.002130528911948204
Nexus5x04	5660672476000	-0.002130528911948204	0.002130528911948204	-0.004261057823896408
Nexus5x04	5660677578000	0.002130528911948204	0.003195793367922306	0.001065264455974102
Nexus5x04	5660682602000	0.002130528911948204	0.001065264455974102	-0.008522115647792816
Nexus5x04	5660687658000	0.002130528911948204	-0.001065264455974102	-0.001065264455974102
Nexus5x04	5660692714000	-0.007456851191818714	-0.002130528911948204	0.002130528911948204
Nexus5x04	5660697812000	-0.003195793367922306	0.001065264455974102	-0.003195793367922306
Nexus5x04	5660702836000	0.0	0.001065264455974102	-0.004261057823896408
Nexus5x04	5660707892000	0.014913702383637428	0.0	0.011717909015715122
Nexus5x04	5660712948000	-0.002130528911948204	0.002130528911948204	-0.002130528911948204
Nexus5x04	5660718079000	0.007456851191818714	-0.006391586735844612	0.006391586735844612
Nexus5x04	5660723103000	-0.001065264455974102	0.002130528911948204	-0.002130528911948204
Nexus5x04	5660728159000	0.002130528911948204	0.002130528911948204	0.004261057823896408
Nexus5x04	5660733215000	0.001065264455974102	-0.01065264455974102	0.003195793367922306
Nexus5x04	5660738242000	-0.001065264455974102	-0.001065264455974102	-0.004261057823896408
Nexus5x04	5660743266000	0.006391586735844612	0.001065264455974102	0.001065264455974102
Nexus5x04	5660748322000	-0.007456851191818714	-0.004261057823896408	-0.001065264455974102
Nexus5x04	5660753378000	0.01810949668288231	0.0	-0.002130528911948204
Nexus5x04	5660758473000	0.006391586735844612	-0.002130528911948204	0.0
Nexus5x04	5660763497000	0.009587380103766918	0.001065264455974102	0.001065264455974102
Nexus5x04	5660768553000	0.007456851191818714	0.002130528911948204	0.0
Nexus5x04	5660773609000	0.00532632227987051	-0.00532632227987051	0.004261057823896408
Nexus5x04	5660778697000	-0.004261057823896408	-0.006391586735844612	-0.003195793367922306
Nexus5x04	5660783721000	0.003195793367922306	-0.003195793367922306	-0.00532632227987051
Nexus5x04	5660788777000	0.004261057823896408	0.003195793367922306	0.009587380103766918
Nexus5x04	5660793833000	-0.001065264455974102	0.001065264455974102	0.003195793367922306
Nexus5x04	5660798814000	-0.002130528911948204	-0.008522115647792816	0.001065264455974102
Nexus5x04	5660803838000	0.011717909015715122	-0.004261057823896408	0.002130528911948204
Nexus5x04	5660808894000	0.002130528911948204	0.006391586735844612	-0.003195793367922306
Nexus5x04	5660813950000	0.014913702383637428	0.003195793367922306	0.003195793367922306
Nexus5x04	5660819054000	-0.011717909015715122	0.0	0.001065264455974102
Nexus5x04	5660824078000	-0.007456851191818714	-0.001065264455974102	-0.002130528911948204
Nexus5x04	5660829134000	-0.01065264455974102	0.01065264455974102	0.002130528911948204
Nexus5x04	5660834190000	0.003195793367922306	-0.001065264455974102	-0.003195793367922306
Nexus5x04	5660839337000	0.007456851191818714	0.002130528911948204	-0.003195793367922306
Nexus5x04	5660844361000	0.001065264455974102	-0.001065264455974102	0.002130528911948204
Nexus5x04	5660849417000	-0.012783173471689224	0.0	-0.008522115647792816
Nexus5x04	5660854473000	0.008522115647792816	0.001065264455974102	-0.008522115647792816
Nexus5x04	5660859612000	-0.003195793367922306	0.002130528911948204	-0.00532632227987051
Nexus5x04	5660864636000	0.00532632227987051	0.00532632227987051	-0.003195793367922306
Nexus5x04	5660869692000	0.006391586735844612	0.004261057823896408	-0.009587380103766918
Nexus5x04	5660874748000	-0.009587380103766918	0.0	-0.004261057823896408
Nexus5x04	5660879854000	0.003195793367922306	0.0	-0.001065264455974102
Nexus5x04	5660884878000	-0.008522115647792816	0.003195793367922306	0.001065264455974102
Nexus5x04	5660889934000	0.0	0.001065264455974102	0.0
Nexus5x04	5660894990000	0.0	0.0	-0.003195793367922306
Nexus5x04	5660900064000	-0.013848437927663326	-0.003195793367922306	0.0
Nexus5x04	5660905088000	0.004261057823896408	-0.009587380103766918	-0.007456851191818714
Nexus5x04	5660910144000	-0.001065264455974102	0.00532632227987051	0.0
Nexus5x04	5660915200000	0.001065264455974102	-0.004261057823896408	-0.006391586735844612
Nexus5x04	5660920408000	0.01065264455974102	0.004261057823896408	0.001065264455974102
Nexus5x04	5660925432000	-0.003195793367922306	-0.00532632227987051	-0.002130528911948204
Nexus5x04	5660930488000	-0.007456851191818714	-0.004261057823896408	-0.00532632227987051
Nexus5x04	5660935544000	0.001065264455974102	0.00532632227987051	-0.001065264455974102
Nexus5x04	5660940563000	0.001065264455974102	-0.003195793367922306	-0.001065264455974102
Nexus5x04	5660945587000	-0.004261057823896408	0.004261057823896408	0.002130528911948204
Nexus5x04	5660950643000	0.0	-0.003195793367922306	-0.003195793367922306
Nexus5x04	5660955699000	0.00532632227987051	0.00532632227987051	-0.008522115647792816
Nexus5x04	5660960772000	-0.001065264455974102	-0.004261057823896408	0.001065264455974102
Nexus5x04	5660965796000	0.002130528911948204	0.0	-0.008522115647792816
Nexus5x04	5660970852000	-0.001065264455974102	-0.001065264455974102	-0.001065264455974102
Nexus5x04	5660975908000	0.002130528911948204	-0.00532632227987051	-0.004261057823896408
Nexus5x04	5660981014000	0.008522115647792816	0.004261057823896408	0.006391586735844612
Nexus5x04	5660986038000	-0.001065264455974102	-0.001065264455974102	-0.00532632227987051
Nexus5x04	5660991094000	-0.006391586735844612	0.002130528911948204	-0.006391586735844612
Nexus5x04	5660996150000	-0.002130528911948204	0.001065264455974102	-0.00532632227987051
Nexus5x04	5661001255000	-0.001065264455974102	0.002130528911948204	-0.007456851191818714
Nexus5x04	5661006279000	-0.002130528911948204	0.001065264455974102	-0.004261057823896408
Nexus5x04	5661011335000	-0.003195793367922306	-0.004261057823896408	0.006391586735844612
Nexus5x04	5661016391000	-0.004261057823896408	0.0	-0.004261057823896408
Nexus5x04	5661021498000	0.0	-0.001065264455974102	-0.004261057823896408
Nexus5x04	5661026522000	0.009587380103766918	-0.00532632227987051	-0.004261057823896408
Nexus5x04	5661031578000	-0.012783173471689224	-0.007456851191818714	-0.004261057823896408
Nexus5x04	5661036634000	-0.007456851191818714	0.003195793367922306	-0.009587380103766918
Nexus5x04	5661041724000	0.003195793367922306	-0.002130528911948204	-0.007456851191818714
Nexus5x04	5661046748000	0.012783173471689224	-0.003195793367922306	0.0
Nexus5x04	5661051804000	0.004261057823896408	0.00532632227987051	-0.00532632227987051
Nexus5x04	5661056860000	-0.004261057823896408	-0.008522115647792816	-0.001065264455974102
Nexus5x04	5661061944000	0.00532632227987051	0.0	0.011717909015715122
Nexus5x04	5661066968000	0.002130528911948204	-0.004261057823896408	0.003195793367922306
Nexus5x04	5661072024000	0.003195793367922306	-0.006391586735844612	-0.007456851191818714
Nexus5x04	5661077080000	-0.003195793367922306	0.007456851191818714	-0.007456851191818714
Nexus5x04	5661082227000	-0.006391586735844612	-0.004261057823896408	0.008522115647792816
Nexus5x04	5661087251000	-0.002130528911948204	-0.003195793367922306	-0.003195793367922306
Nexus5x04	5661092307000	0.003195793367922306	0.001065264455974102	0.0
Nexus5x04	5661097363000	-0.006391586735844612	-0.003195793367922306	0.001065264455974102
Nexus5x04	5661102497000	0.002130528911948204	0.0	-0.00532632227987051
Nexus5x04	5661107521000	-0.006391586735844612	-0.001065264455974102	-0.00532632227987051
Nexus5x04	5661112577000	0.001065264455974102	0.004261057823896408	-0.001065264455974102
Nexus5x04	5661117633000	0.008522115647792816	0.001065264455974102	0.006391586735844612
Nexus5x04	5661122785000	-0.004261057823896408	-0.003195793367922306	-0.002130528911948204
Nexus5x04	5661127809000	0.0	0.0	0.004261057823896408
Nexus5x04	5661132865000	0.008522115647792816	0.001065264455974102	0.012783173471689224
Nexus5x04	5661137921000	-0.008522115647792816	-0.001065264455974102	-0.007456851191818714
Nexus5x04	5661143006000	-0.003195793367922306	-0.002130528911948204	-0.001065264455974102
Nexus5x04	5661148030000	-0.011717909015715122	0.003195793367922306	0.006391586735844612
Nexus5x04	5661153086000	-0.008522115647792816	-0.003195793367922306	-0.004261057823896408
Nexus5x04	5661158142000	0.008522115647792816	-0.003195793367922306	0.003195793367922306
Nexus5x04	5661163301000	0.001065264455974102	0.002130528911948204	-0.002130528911948204
Nexus5x04	5661168325000	0.007456851191818714	0.003195793367922306	0.004261057823896408
Nexus5x04	5661173381000	-0.004261057823896408	0.00532632227987051	0.002130528911948204
Nexus5x04	5661178437000	0.001065264455974102	0.0	0.001065264455974102
Nexus5x04	5661183541000	-0.001065264455974102	-0.004261057823896408	-0.001065264455974102
Nexus5x04	5661188565000	0.003195793367922306	0.003195793367922306	-0.007456851191818714
Nexus5x04	5661193621000	0.008522115647792816	-0.002130528911948204	0.002130528911948204
Nexus5x04	5661198677000	-0.004261057823896408	-0.001065264455974102	-0.004261057823896408
Nexus5x04	5661203756000	0.004261057823896408	-0.003195793367922306	-0.003195793367922306
Nexus5x04	5661208780000	-0.002130528911948204	0.003195793367922306	-0.003195793367922306
Nexus5x04	5661213836000	0.0	-0.008522115647792816	0.007456851191818714
Nexus5x04	5661218892000	-0.012783173471689224	0.00532632227987051	-0.008522115647792816
Nexus5x04	5661223946000	0.006391586735844612	-0.002130528911948204	0.0
Nexus5x04	5661228970000	0.008522115647792816	0.00532632227987051	-0.002130528911948204
Nexus5x04	5661234026000	0.001065264455974102	-0.009587380103766918	-0.001065264455974102
Nexus5x04	5661239082000	-0.006391586735844612	0.001065264455974102	-0.007456851191818714
Nexus5x04	5661244073000	0.002130528911948204	-0.001065264455974102	-0.008522115647792816
Nexus5x04	5661249097000	-0.003195793367922306	-0.004261057823896408	-0.008522115647792816
Nexus5x04	5661254153000	0.002130528911948204	0.001065264455974102	0.001065264455974102
Nexus5x04	5661259209000	-0.002130528911948204	0.003195793367922306	0.003195793367922306
Nexus5x04	5661264273000	0.008522115647792816	-0.001065264455974102	-0.003195793367922306
Nexus5x04	5661269297000	0.002130528911948204	0.002130528911948204	0.001065264455974102
Nexus5x04	5661274353000	0.001065264455974102	0.002130528911948204	-0.007456851191818714
Nexus5x04	5661279409000	-0.009587380103766918	0.0	0.002130528911948204
Nexus5x04	5661284506000	0.006391586735844612	-0.002130528911948204	0.0
Nexus5x04	5661289530000	-0.002130528911948204	-0.008522115647792816	0.003195793367922306
Nexus5x04	5661294586000	0.00532632227987051	-0.001065264455974102	0.011717909015715122
Nexus5x04	5661299642000	-0.014913702383637428	-0.002130528911948204	-0.004261057823896408
Nexus5x04	5661304770000	0.001065264455974102	-0.003195793367922306	-0.003195793367922306
Nexus5x04	5661309794000	0.008522115647792816	-0.00532632227987051	-0.001065264455974102
Nexus5x04	5661314850000	0.003195793367922306	0.002130528911948204	0.004261057823896408
Nexus5x04	5661319906000	0.001065264455974102	-0.002130528911948204	-0.001065264455974102
Nexus5x04	5661325017000	0.002130528911948204	-0.002130528911948204	-0.006391586735844612
Nexus5x04	5661330041000	-0.006391586735844612	0.006391586735844612	-0.009587380103766918
Nexus5x04	5661335097000	0.001065264455974102	-0.003195793367922306	-0.003195793367922306
Nexus5x04	5661340153000	0.00532632227987051	0.006391586735844612	-0.007456851191818714
Nexus5x04	5661345257000	0.0	0.006391586735844612	-0.002130528911948204
Nexus5x04	5661350281000	0.011717909015715122	0.003195793367922306	-0.00532632227987051
Nexus5x04	5661355337000	0.003195793367922306	-0.012783173471689224	-0.007456851191818714
Nexus5x04	5661360393000	0.004261057823896408	0.00532632227987051	-0.002130528911948204
Nexus5x04	5661365525000	0.007456851191818714	-0.007456851191818714	0.006391586735844612
Nexus5x04	5661370549000	-0.007456851191818714	-0.006391586735844612	0.003195793367922306
Nexus5x04	5661375605000	-0.00532632227987051	0.008522115647792816	-0.004261057823896408
Nexus5x04	5661380661000	0.009587380103766918	-0.002130528911948204	0.002130528911948204
Nexus5x04	5661385766000	0.0	-0.00532632227987051	0.003195793367922306
Nexus5x04	5661390790000	0.00532632227987051	-0.00532632227987051	0.0
Nexus5x04	5661395846000	0.011717909015715122	0.007456851191818714	-0.002130528911948204
Nexus5x04	5661400902000	-0.00532632227987051	-0.001065264455974102	-0.004261057823896408
Nexus5x04	5661405972000	0.001065264455974102	-0.001065264455974102	-0.006391586735844612
Nexus5x04	5661410996000	-0.008522115647792816	0.0	-0.004261057823896408
Nexus5x04	5661416052000	-0.001065264455974102	-0.006391586735844612	-0.002130528911948204
Nexus5x04	5661421108000	0.002130528911948204	-0.009587380103766918	-0.007456851191818714
Nexus5x04	5661426241000	-0.001065264455974102	-0.006391586735844612	-0.002130528911948204
Nexus5x04	5661431265000	-0.001065264455974102	-0.003195793367922306	0.001065264455974102
Nexus5x04	5661436321000	-0.002130528911948204	0.004261057823896408	-0.01065264455974102
Nexus5x04	5661441377000	-0.003195793367922306	0.007456851191818714	-0.003195793367922306
Nexus5x04	5661446479000	-0.004261057823896408	-0.002130528911948204	-0.00532632227987051
Nexus5x04	5661451503000	0.001065264455974102	-0.00532632227987051	0.0
Nexus5x04	5661456559000	0.006391586735844612	0.003195793367922306	-0.002130528911948204
Nexus5x04	5661461615000	-0.006391586735844612	0.011717909015715122	0.001065264455974102
Nexus5x04	5661466717000	-0.006391586735844612	-0.002130528911948204	0.003195793367922306
Nexus5x04	5661471741000	-0.003195793367922306	0.0	-0.004261057823896408
Nexus5x04	5661476797000	0.004261057823896408	-0.00532632227987051	0.0
Nexus5x04	5661481853000	0.002130528911948204	0.0	-0.01065264455974102
Nexus5x04	5661486956000	-0.013848437927663326	-0.003195793367922306	-0.00532632227987051
Nexus5x04	5661491980000	0.0	0.001065264455974102	0.004261057823896408
Nexus5x04	5661497036000	-0.004261057823896408	-0.001065264455974102	0.001065264455974102
Nexus5x04	5661502092000	0.012783173471689224	0.003195793367922306	-0.006391586735844612
Nexus5x04	5661507224000	0.0	-0.001065264455974102	-0.003195793367922306
Nexus5x04	5661512248000	-0.007456851191818714	-0.00532632227987051	-0.003195793367922306
Nexus5x04	5661517304000	-0.004261057823896408	-0.001065264455974102	-0.00532632227987051
Nexus5x04	5661522360000	-0.003195793367922306	0.003195793367922306	0.002130528911948204
Nexus5x04	5661527465000	-0.004261057823896408	0.002130528911948204	0.003195793367922306
Nexus5x04	5661532489000	0.007456851191818714	0.002130528911948204	-0.006391586735844612
Nexus5x04	5661537545000	-0.00532632227987051	0.002130528911948204	-0.008522115647792816
Nexus5x04	5661542601000	0.007456851191818714	-0.001065264455974102	0.002130528911948204
Nexus5x04	5661547446000	-0.006391586735844612	0.00532632227987051	-0.001065264455974102
Nexus5x04	5661552470000	-0.003195793367922306	0.001065264455974102	0.0
Nexus5x04	5661557526000	0.002130528911948204	0.0	0.001065264455974102
Nexus5x04	5661562582000	-0.003195793367922306	-0.006391586735844612	-0.00532632227987051
Nexus5x04	5661567686000	0.001065264455974102	-0.002130528911948204	0.00532632227987051
Nexus5x04	5661572710000	0.004261057823896408	-0.001065264455974102	-0.003195793367922306
Nexus5x04	5661577766000	-0.003195793367922306	-0.002130528911948204	-0.002130528911948204
Nexus5x04	5661582822000	0.0	0.00532632227987051	-0.003195793367922306
Nexus5x04	5661587869000	0.003195793367922306	0.003195793367922306	0.001065264455974102
Nexus5x04	5661592893000	-0.003195793367922306	-0.007456851191818714	-0.003195793367922306
Nexus5x04	5661597949000	-0.00532632227987051	0.0	0.004261057823896408
Nexus5x04	5661603005000	-0.003195793367922306	-0.001065264455974102	0.0
Nexus5x04	5661608119000	-0.006391586735844612	0.002130528911948204	-0.00532632227987051
Nexus5x04	5661613143000	0.007456851191818714	0.004261057823896408	-0.004261057823896408
Nexus5x04	5661618199000	0.002130528911948204	-0.001065264455974102	-0.003195793367922306
Nexus5x04	5661623255000	0.003195793367922306	0.002130528911948204	-0.004261057823896408
Nexus5x04	5661628338000	-0.003195793367922306	0.001065264455974102	0.001065264455974102
Nexus5x04	5661633362000	0.0	0.001065264455974102	0.009587380103766918
Nexus5x04	5661638418000	0.0	0.001065264455974102	-0.003195793367922306
Nexus5x04	5661643474000	-0.007456851191818714	-0.00532632227987051	-0.002130528911948204
Nexus5x04	5661648500000	0.002130528911948204	-0.002130528911948204	0.009587380103766918
Nexus5x04	5661653524000	-0.002130528911948204	0.007456851191818714	0.001065264455974102
Nexus5x04	5661658580000	0.001065264455974102	0.01065264455974102	0.002130528911948204
Nexus5x04	5661663636000	-0.00532632227987051	0.002130528911948204	-0.011717909015715122
Nexus5x04	5661668874000	0.0	-0.004261057823896408	0.00532632227987051
Nexus5x04	5661673898000	0.01065264455974102	0.001065264455974102	-0.004261057823896408
Nexus5x04	5661678954000	0.012783173471689224	0.0	0.0
Nexus5x04	5661684010000	0.001065264455974102	-0.002130528911948204	-0.004261057823896408
Nexus5x04	5661689090000	0.001065264455974102	-0.00532632227987051	0.00532632227987051
Nexus5x04	5661694114000	0.003195793367922306	0.0	0.00532632227987051
Nexus5x04	5661699170000	0.012783173471689224	0.00532632227987051	0.00532632227987051
Nexus5x04	5661704226000	0.002130528911948204	-0.00532632227987051	0.003195793367922306
Nexus5x04	5661709329000	0.0	0.0	0.009587380103766918
Nexus5x04	5661714353000	0.004261057823896408	0.0	0.001065264455974102
Nexus5x04	5661719409000	0.0	0.003195793367922306	-0.009587380103766918
Nexus5x04	5661724465000	0.003195793367922306	0.004261057823896408	-0.001065264455974102
Nexus5x04	5661729572000	-0.008522115647792816	-0.001065264455974102	0.001065264455974102
Nexus5x04	5661734596000	0.002130528911948204	0.002130528911948204	0.002130528911948204
Nexus5x04	5661739652000	0.0	0.009587380103766918	0.001065264455974102
Nexus5x04	5661744708000	0.006391586735844612	-0.008522115647792816	-0.002130528911948204
Nexus5x04	5661749753000	-0.009587380103766918	0.007456851191818714	0.002130528911948204
Nexus5x04	5661754777000	0.006391586735844612	-0.004261057823896408	-0.00532632227987051
Nexus5x04	5661759833000	-0.009587380103766918	0.001065264455974102	0.001065264455974102
Nexus5x04	5661764889000	0.001065264455974102	-0.002130528911948204	0.001065264455974102
Nexus5x04	5661770142000	0.009587380103766918	0.004261057823896408	-0.007456851191818714
Nexus5x04	5661775166000	-0.00532632227987051	0.006391586735844612	-0.004261057823896408
Nexus5x04	5661780222000	-0.00532632227987051	-0.002130528911948204	0.0
Nexus5x04	5661785278000	-0.004261057823896408	0.0	0.002130528911948204
Nexus5x04	5661790431000	0.001065264455974102	-0.003195793367922306	-0.00532632227987051
Nexus5x04	5661795455000	-0.011717909015715122	-0.007456851191818714	-0.004261057823896408
Nexus5x04	5661800511000	-0.003195793367922306	-0.004261057823896408	-0.002130528911948204
Nexus5x04	5661805567000	0.001065264455974102	0.003195793367922306	0.002130528911948204
Nexus5x04	5661810655000	-0.002130528911948204	0.003195793367922306	-0.012783173471689224
Nexus5x04	5661815679000	0.006391586735844612	-0.007456851191818714	-0.009587380103766918
Nexus5x04	5661820735000	0.004261057823896408	-0.002130528911948204	-0.002130528911948204
Nexus5x04	5661825791000	0.002130528911948204	0.004261057823896408	-0.004261057823896408
Nexus5x04	5661830895000	0.0	0.001065264455974102	0.0
Nexus5x04	5661835919000	0.007456851191818714	0.001065264455974102	-0.002130528911948204
Nexus5x04	5661840975000	-0.003195793367922306	-0.001065264455974102	0.00532632227987051
Nexus5x04	5661846031000	-0.00532632227987051	-0.002130528911948204	0.0
Nexus5x04	5661851138000	0.007456851191818714	0.002130528911948204	0.0
Nexus5x04	5661856162000	-0.001065264455974102	-0.004261057823896408	-0.00532632227987051
Nexus5x04	5661861218000	0.012783173471689224	0.0	-0.007456851191818714
Nexus5x04	5661866274000	0.004261057823896408	0.001065264455974102	0.0
Nexus5x04	5661871334000	0.003195793367922306	-0.001065264455974102	0.004261057823896408
Nexus5x04	5661876358000	0.01810949668288231	-0.004261057823896408	0.008522115647792816
Nexus5x04	5661881414000	0.004261057823896408	0.003195793367922306	-0.002130528911948204
Nexus5x04	5661886470000	-0.00532632227987051	-0.004261057823896408	-0.003195793367922306
Nexus5x04	5661891515000	-0.003195793367922306	-0.006391586735844612	-0.007456851191818714
Nexus5x04	5661896539000	-0.006391586735844612	0.002130528911948204	-0.002130528911948204
Nexus5x04	5661901595000	0.004261057823896408	0.008522115647792816	0.0
Nexus5x04	5661906651000	0.0	0.002130528911948204	0.002130528911948204
Nexus5x04	5661911735000	-0.01065264455974102	0.001065264455974102	0.004261057823896408
Nexus5x04	5661916759000	0.006391586735844612	0.0	-0.004261057823896408
Nexus5x04	5661921815000	0.013848437927663326	0.00532632227987051	0.001065264455974102
Nexus5x04	5661926871000	0.003195793367922306	0.0	0.002130528911948204
Nexus5x04	5661931942000	-0.004261057823896408	-0.001065264455974102	0.012783173471689224
Nexus5x04	5661936966000	0.007456851191818714	0.00532632227987051	0.001065264455974102
Nexus5x04	5661942022000	-0.004261057823896408	0.002130528911948204	0.0
Nexus5x04	5661947078000	-0.004261057823896408	-0.002130528911948204	0.002130528911948204
Nexus5x04	5661952151000	0.00532632227987051	-0.002130528911948204	-0.002130528911948204
Nexus5x04	5661957175000	0.004261057823896408	0.003195793367922306	0.002130528911948204
Nexus5x04	5661962231000	-0.006391586735844612	0.00532632227987051	-0.002130528911948204
Nexus5x04	5661967287000	-0.002130528911948204	-0.001065264455974102	-0.006391586735844612
Nexus5x04	5661972406000	-0.007456851191818714	0.002130528911948204	0.0
Nexus5x04	5661977430000	0.00532632227987051	0.00532632227987051	-0.002130528911948204
Nexus5x04	5661982486000	-0.003195793367922306	0.001065264455974102	-0.00532632227987051
Nexus5x04	5661987542000	0.001065264455974102	0.0	0.007456851191818714
Nexus5x04	5661992656000	0.009587380103766918	0.002130528911948204	0.004261057823896408
Nexus5x04	5661997680000	0.007456851191818714	0.001065264455974102	-0.011717909015715122
Nexus5x04	5662002736000	0.004261057823896408	-0.004261057823896408	-0.003195793367922306
Nexus5x04	5662007792000	0.007456851191818714	0.002130528911948204	-0.004261057823896408
Nexus5x04	5662012918000	-0.008522115647792816	0.003195793367922306	-0.008522115647792816
Nexus5x04	5662017942000	-0.009587380103766918	-0.003195793367922306	0.003195793367922306
Nexus5x04	5662022998000	0.006391586735844612	0.001065264455974102	-0.006391586735844612
Nexus5x04	5662028054000	-0.008522115647792816	-0.003195793367922306	-0.007456851191818714
Nexus5x04	5662033150000	0.003195793367922306	-0.004261057823896408	-0.00532632227987051
Nexus5x04	5662038174000	-0.003195793367922306	0.004261057823896408	0.003195793367922306
Nexus5x04	5662043230000	0.003195793367922306	0.0	-0.003195793367922306
Nexus5x04	5662048286000	0.004261057823896408	0.0	0.002130528911948204
Nexus5x04	5662053143000	0.008522115647792816	0.00532632227987051	-0.006391586735844612
Nexus5x04	5662058167000	0.007456851191818714	0.002130528911948204	-0.013848437927663326
Nexus5x04	5662063223000	0.006391586735844612	-0.006391586735844612	0.002130528911948204
Nexus5x04	5662068279000	0.001065264455974102	0.0	-0.001065264455974102
Nexus5x04	5662073338000	-0.007456851191818714	0.001065264455974102	-0.001065264455974102
Nexus5x04	5662078362000	0.002130528911948204	-0.003195793367922306	-0.001065264455974102
Nexus5x04	5662083418000	0.002130528911948204	0.006391586735844612	-0.004261057823896408
Nexus5x04	5662088474000	-0.002130528911948204	0.001065264455974102	-0.008522115647792816
Nexus5x04	5662093563000	-0.006391586735844612	0.0	-0.003195793367922306
Nexus5x04	5662098587000	-0.002130528911948204	0.002130528911948204	-0.006391586735844612
Nexus5x04	5662103643000	0.002130528911948204	0.003195793367922306	-0.003195793367922306
Nexus5x04	5662108699000	0.003195793367922306	-0.001065264455974102	0.00532632227987051
Nexus5x04	5662113766000	-0.01065264455974102	-0.007456851191818714	-0.011717909015715122
Nexus5x04	5662118790000	0.001065264455974102	0.004261057823896408	-0.002130528911948204
Nexus5x04	5662123846000	0.002130528911948204	-0.001065264455974102	-0.002130528911948204
Nexus5x04	5662128902000	0.001065264455974102	0.0	-0.014913702383637428
Nexus5x04	5662134027000	-0.003195793367922306	0.001065264455974102	-0.007456851191818714
Nexus5x04	5662139051000	-0.007456851191818714	-0.004261057823896408	-0.007456851191818714
Nexus5x04	5662144107000	0.003195793367922306	-0.003195793367922306	0.006391586735844612
Nexus5x04	5662149163000	-0.006391586735844612	-0.007456851191818714	-0.003195793367922306
Nexus5x04	5662154422000	0.002130528911948204	0.00532632227987051	0.0
Nexus5x04	5662159446000	-0.002130528911948204	0.001065264455974102	0.001065264455974102
Nexus5x04	5662164502000	0.006391586735844612	0.001065264455974102	0.00532632227987051
Nexus5x04	5662169558000	-0.003195793367922306	0.002130528911948204	0.002130528911948204
Nexus5x04	5662174676000	0.002130528911948204	-0.003195793367922306	0.0
Nexus5x04	5662179700000	-0.002130528911948204	-0.00532632227987051	0.003195793367922306
Nexus5x04	5662184756000	-0.00532632227987051	-0.007456851191818714	-0.002130528911948204
Nexus5x04	5662189812000	-0.003195793367922306	-0.00532632227987051	0.001065264455974102
Nexus5x04	5662194991000	-0.017044231295585632	-0.002130528911948204	-0.003195793367922306
Nexus5x04	5662200015000	0.002130528911948204	0.00532632227987051	0.001065264455974102
Nexus5x04	5662205071000	-0.007456851191818714	-0.003195793367922306	-0.003195793367922306
Nexus5x04	5662210127000	0.002130528911948204	-0.001065264455974102	-0.001065264455974102
Nexus5x04	5662215204000	0.003195793367922306	-0.006391586735844612	-0.002130528911948204
Nexus5x04	5662220228000	0.006391586735844612	-0.001065264455974102	-0.002130528911948204
Nexus5x04	5662225284000	-0.003195793367922306	-0.004261057823896408	0.0
Nexus5x04	5662230340000	-0.001065264455974102	0.00532632227987051	0.0
Nexus5x04	5662235472000	0.004261057823896408	0.003195793367922306	0.0
Nexus5x04	5662240496000	0.003195793367922306	0.003195793367922306	-0.009587380103766918
Nexus5x04	5662245552000	0.006391586735844612	0.0	-0.001065264455974102
Nexus5x04	5662250608000	0.0	0.0	0.003195793367922306
Nexus5x04	5662255829000	0.004261057823896408	-0.001065264455974102	-0.007456851191818714
Nexus5x04	5662260853000	0.00532632227987051	-0.003195793367922306	0.002130528911948204
Nexus5x04	5662265909000	0.001065264455974102	-0.007456851191818714	-0.003195793367922306
Nexus5x04	5662270965000	-0.003195793367922306	0.003195793367922306	-0.003195793367922306
Nexus5x04	5662275971000	0.004261057823896408	0.002130528911948204	0.0
Nexus5x04	5662280995000	-0.001065264455974102	-0.003195793367922306	0.003195793367922306
Nexus5x04	5662286051000	-0.00532632227987051	0.009587380103766918	0.003195793367922306
Nexus5x04	5662291107000	-0.012783173471689224	-0.003195793367922306	-0.001065264455974102
Nexus5x04	5662296182000	0.002130528911948204	0.002130528911948204	0.002130528911948204
Nexus5x04	5662301206000	-0.002130528911948204	-0.004261057823896408	-0.002130528911948204
Nexus5x04	5662306262000	-0.001065264455974102	0.003195793367922306	-0.008522115647792816
Nexus5x04	5662311318000	-0.004261057823896408	-0.00532632227987051	0.002130528911948204
Nexus5x04	5662316420000	0.0	-0.004261057823896408	0.0
Nexus5x04	5662321444000	-0.004261057823896408	0.001065264455974102	-0.007456851191818714
Nexus5x04	5662326500000	-0.008522115647792816	-0.006391586735844612	0.003195793367922306
Nexus5x04	5662331556000	0.002130528911948204	0.003195793367922306	-0.001065264455974102
Nexus5x04	5662336694000	-0.002130528911948204	-0.013848437927663326	-0.00532632227987051
Nexus5x04	5662341718000	0.002130528911948204	0.007456851191818714	0.001065264455974102
Nexus5x04	5662346774000	0.0	-0.004261057823896408	-0.001065264455974102
Nexus5x04	5662351830000	0.002130528911948204	0.004261057823896408	-0.004261057823896408
Nexus5x04	5662356862000	0.00532632227987051	-0.001065264455974102	-0.00532632227987051
Nexus5x04	5662361886000	0.001065264455974102	-0.004261057823896408	-0.00532632227987051
Nexus5x04	5662366942000	0.002130528911948204	-0.001065264455974102	0.0
Nexus5x04	5662371998000	-0.00532632227987051	0.00532632227987051	0.0
Nexus5x04	5662377096000	0.004261057823896408	-0.001065264455974102	-0.001065264455974102
Nexus5x04	5662382120000	0.0	0.0	-0.007456851191818714
Nexus5x04	5662387176000	0.0	0.007456851191818714	0.004261057823896408
Nexus5x04	5662392232000	0.00532632227987051	0.003195793367922306	0.004261057823896408
Nexus5x04	5662397483000	-0.003195793367922306	-0.004261057823896408	0.006391586735844612
Nexus5x04	5662402507000	0.001065264455974102	-0.003195793367922306	-0.002130528911948204
Nexus5x04	5662407563000	-0.004261057823896408	0.004261057823896408	0.004261057823896408
Nexus5x04	5662412619000	0.004261057823896408	-0.002130528911948204	-0.002130528911948204
Nexus5x04	5662417682000	0.003195793367922306	0.006391586735844612	0.004261057823896408
Nexus5x04	5662422706000	0.002130528911948204	0.001065264455974102	-0.006391586735844612
Nexus5x04	5662427762000	0.002130528911948204	-0.006391586735844612	0.00532632227987051
Nexus5x04	5662432818000	-0.008522115647792816	0.008522115647792816	0.0
Nexus5x04	5662437889000	0.009587380103766918	0.001065264455974102	0.0
Nexus5x04	5662442913000	-0.007456851191818714	0.001065264455974102	-0.003195793367922306
Nexus5x04	5662447969000	0.00532632227987051	0.001065264455974102	0.003195793367922306
Nexus5x04	5662453025000	0.00532632227987051	0.00532632227987051	-0.003195793367922306
Nexus5x04	5662458158000	-0.002130528911948204	0.001065264455974102	-0.004261057823896408
Nexus5x04	5662463182000	-0.003195793367922306	0.001065264455974102	0.009587380103766918
Nexus5x04	5662468238000	-0.003195793367922306	-0.007456851191818714	-0.006391586735844612
Nexus5x04	5662473294000	0.006391586735844612	-0.001065264455974102	0.001065264455974102
Nexus5x04	5662478360000	-0.012783173471689224	-0.002130528911948204	0.0
Nexus5x04	5662483384000	-0.004261057823896408	0.0	-0.001065264455974102
Nexus5x04	5662488440000	0.008522115647792816	0.0	-0.00532632227987051
Nexus5x04	5662493496000	-0.002130528911948204	0.008522115647792816	-0.008522115647792816
Nexus5x04	5662498561000	-0.001065264455974102	0.0	-0.004261057823896408
Nexus5x04	5662503585000	0.00532632227987051	0.00532632227987051	-0.003195793367922306
Nexus5x04	5662508641000	-0.003195793367922306	0.003195793367922306	-0.001065264455974102
Nexus5x04	5662513697000	0.0	0.003195793367922306	0.002130528911948204
Nexus5x04	5662518795000	-0.004261057823896408	-0.001065264455974102	-0.001065264455974102
Nexus5x04	5662523819000	-0.00532632227987051	0.0	-0.004261057823896408
Nexus5x04	5662528875000	-0.003195793367922306	-0.003195793367922306	0.003195793367922306
Nexus5x04	5662533931000	0.001065264455974102	0.003195793367922306	-0.001065264455974102
Nexus5x04	5662539036000	0.017044231295585632	0.002130528911948204	0.003195793367922306
Nexus5x04	5662544060000	-0.001065264455974102	0.0	0.00532632227987051
Nexus5x04	5662549116000	-0.004261057823896408	0.004261057823896408	-0.002130528911948204
Nexus5x04	5662554172000	0.0	0.003195793367922306	-0.003195793367922306
Nexus5x04	5662559276000	-0.007456851191818714	-0.003195793367922306	-0.007456851191818714
Nexus5x04	5662564300000	-0.01065264455974102	-0.006391586735844612	-0.01065264455974102
Nexus5x04	5662569356000	0.003195793367922306	0.004261057823896408	-0.013848437927663326
Nexus5x04	5662574412000	-0.004261057823896408	0.001065264455974102	-0.004261057823896408
Nexus5x04	5662579526000	-0.002130528911948204	0.006391586735844612	-0.006391586735844612
Nexus5x04	5662584550000	0.00532632227987051	0.006391586735844612	-0.001065264455974102
Nexus5x04	5662589606000	-0.003195793367922306	0.004261057823896408	-0.004261057823896408
Nexus5x04	5662594662000	-0.002130528911948204	-0.002130528911948204	0.002130528911948204
Nexus5x04	5662599809000	0.01065264455974102	0.0	-0.006391586735844612
Nexus5x04	5662604833000	-0.00532632227987051	0.001065264455974102	-0.003195793367922306
Nexus5x04	5662609889000	0.014913702383637428	0.006391586735844612	0.003195793367922306
Nexus5x04	5662614945000	0.007456851191818714	-0.006391586735844612	-0.002130528911948204
Nexus5x04	5662620047000	-0.001065264455974102	-0.00532632227987051	0.008522115647792816
Nexus5x04	5662625071000	-0.001065264455974102	0.001065264455974102	0.002130528911948204
Nexus5x04	5662630127000	0.0	-0.004261057823896408	-0.003195793367922306
Nexus5x04	5662635183000	-0.004261057823896408	0.0	-0.00532632227987051
Nexus5x04	5662640328000	0.00532632227987051	0.003195793367922306	0.006391586735844612
Nexus5x04	5662645352000	-0.01810949668288231	-0.01065264455974102	-0.002130528911948204
Nexus5x04	5662650408000	0.002130528911948204	0.002130528911948204	-0.004261057823896408
Nexus5x04	5662655464000	-0.004261057823896408	-0.002130528911948204	0.002130528911948204
Nexus5x04	5662660592000	0.003195793367922306	-0.00532632227987051	0.00532632227987051
Nexus5x04	5662665616000	-0.007456851191818714	-0.006391586735844612	-0.007456851191818714
Nexus5x04	5662670672000	-0.004261057823896408	0.003195793367922306	0.003195793367922306
Nexus5x04	5662675728000	0.001065264455974102	-0.001065264455974102	0.012783173471689224
Nexus5x04	5662680819000	-0.007456851191818714	0.001065264455974102	-0.004261057823896408
Nexus5x04	5662685843000	-0.006391586735844612	-0.001065264455974102	0.0
Nexus5x04	5662690899000	-0.004261057823896408	-0.001065264455974102	-0.019174760207533836
Nexus5x04	5662695955000	0.006391586735844612	-0.008522115647792816	0.007456851191818714
Nexus5x04	5662701007000	-0.001065264455974102	0.0	-0.00532632227987051
Nexus5x04	5662706031000	0.004261057823896408	0.001065264455974102	0.003195793367922306
Nexus5x04	5662711087000	0.004261057823896408	0.001065264455974102	0.003195793367922306
Nexus5x04	5662716143000	0.0	-0.001065264455974102	-0.003195793367922306
Nexus5x04	5662721212000	0.0	0.00532632227987051	-0.004261057823896408
Nexus5x04	5662726236000	0.01065264455974102	0.003195793367922306	-0.01065264455974102
Nexus5x04	5662731292000	-0.001065264455974102	0.002130528911948204	0.0
Nexus5x04	5662736348000	-0.001065264455974102	0.0	-0.002130528911948204
Nexus5x04	5662741333000	0.009587380103766918	-0.006391586735844612	-0.002130528911948204
Nexus5x04	5662746357000	0.008522115647792816	-0.004261057823896408	0.006391586735844612
Nexus5x04	5662751413000	-0.006391586735844612	-0.001065264455974102	-0.003195793367922306
Nexus5x04	5662756469000	-0.004261057823896408	0.00532632227987051	-0.001065264455974102
Nexus5x04	5662761512000	0.004261057823896408	0.009587380103766918	0.003195793367922306
Nexus5x04	5662766536000	-0.002130528911948204	-0.004261057823896408	0.001065264455974102
Nexus5x04	5662771592000	0.003195793367922306	0.004261057823896408	0.0
Nexus5x04	5662776648000	0.006391586735844612	0.00532632227987051	0.001065264455974102
Nexus5x04	5662781686000	0.002130528911948204	0.0	-0.01065264455974102
Nexus5x04	5662786710000	-0.004261057823896408	-0.001065264455974102	0.003195793367922306
Nexus5x04	5662791766000	-0.001065264455974102	0.0	0.002130528911948204
Nexus5x04	5662796822000	-0.003195793367922306	-0.004261057823896408	-0.00532632227987051
Nexus5x04	5662801925000	-0.006391586735844612	0.001065264455974102	-0.004261057823896408
Nexus5x04	5662806949000	-0.008522115647792816	-0.003195793367922306	-0.006391586735844612
Nexus5x04	5662812005000	0.011717909015715122	-0.004261057823896408	-0.003195793367922306
Nexus5x04	5662817061000	-0.001065264455974102	-0.00532632227987051	-0.004261057823896408
Nexus5x04	5662822227000	0.008522115647792816	0.002130528911948204	0.002130528911948204
Nexus5x04	5662827251000	-0.004261057823896408	0.007456851191818714	0.0
Nexus5x04	5662832307000	-0.001065264455974102	0.002130528911948204	-0.008522115647792816
Nexus5x04	5662837363000	0.009587380103766918	-0.002130528911948204	-0.003195793367922306
Nexus5x04	5662842526000	-0.001065264455974102	-0.00532632227987051	-0.002130528911948204
Nexus5x04	5662847550000	0.001065264455974102	-0.001065264455974102	0.002130528911948204
Nexus5x04	5662852606000	-0.001065264455974102	-0.002130528911948204	0.002130528911948204
Nexus5x04	5662857662000	0.00532632227987051	-0.002130528911948204	-0.007456851191818714
Nexus5x04	5662862814000	-0.007456851191818714	0.001065264455974102	-0.001065264455974102
Nexus5x04	5662867838000	-0.003195793367922306	-0.00532632227987051	0.0
Nexus5x04	5662872894000	-0.004261057823896408	-0.003195793367922306	-0.001065264455974102
Nexus5x04	5662877950000	0.007456851191818714	0.0	0.003195793367922306
Nexus5x04	5662883071000	0.003195793367922306	-0.001065264455974102	0.002130528911948204
Nexus5x04	5662888095000	0.0	0.003195793367922306	-0.001065264455974102
Nexus5x04	5662893151000	0.001065264455974102	-0.003195793367922306	-0.004261057823896408
Nexus5x04	5662898207000	0.004261057823896408	-0.008522115647792816	0.0
Nexus5x04	5662903368000	-0.004261057823896408	-0.001065264455974102	-0.003195793367922306
Nexus5x04	5662908392000	0.0	0.001065264455974102	0.0
Nexus5x04	5662913448000	-0.008522115647792816	-0.008522115647792816	0.002130528911948204
Nexus5x04	5662918504000	0.003195793367922306	-0.00532632227987051	0.003195793367922306
Nexus5x04	5662923571000	0.006391586735844612	0.002130528911948204	-0.00532632227987051
Nexus5x04	5662928595000	0.001065264455974102	0.0	-0.012783173471689224
Nexus5x04	5662933651000	0.002130528911948204	0.0	-0.01065264455974102
Nexus5x04	5662938707000	0.003195793367922306	0.0	-0.006391586735844612
Nexus5x04	5662943830000	0.001065264455974102	0.003195793367922306	-0.007456851191818714
Nexus5x04	5662948854000	0.002130528911948204	0.002130528911948204	0.002130528911948204
Nexus5x04	5662953910000	0.001065264455974102	0.003195793367922306	-0.004261057823896408
Nexus5x04	5662958966000	0.001065264455974102	0.006391586735844612	0.00532632227987051
Nexus5x04	5662964009000	-0.002130528911948204	0.00532632227987051	-0.002130528911948204
Nexus5x04	5662969033000	0.001065264455974102	-0.00532632227987051	0.0
Nexus5x04	5662974089000	-0.003195793367922306	0.011717909015715122	-0.004261057823896408
Nexus5x04	5662979145000	-0.001065264455974102	0.004261057823896408	0.007456851191818714
Nexus5x04	5662984277000	-0.00532632227987051	-0.00532632227987051	-0.006391586735844612
Nexus5x04	5662989301000	-0.00532632227987051	-0.003195793367922306	-0.001065264455974102
Nexus5x04	5662994357000	-0.001065264455974102	-0.003195793367922306	-0.001065264455974102
Nexus5x04	5662999413000	0.006391586735844612	0.0	0.003195793367922306
Nexus5x04	5663004512000	0.004261057823896408	0.00532632227987051	-0.002130528911948204
Nexus5x04	5663009536000	-0.012783173471689224	0.003195793367922306	-0.00532632227987051
Nexus5x04	5663014592000	0.003195793367922306	0.00532632227987051	-0.00532632227987051
Nexus5x04	5663019648000	-0.004261057823896408	-0.004261057823896408	-0.002130528911948204
Nexus5x04	5663024780000	0.0	0.003195793367922306	0.003195793367922306
Nexus5x04	5663029804000	0.01065264455974102	0.001065264455974102	0.004261057823896408
Nexus5x04	5663034860000	0.008522115647792816	-0.004261057823896408	-0.003195793367922306
Nexus5x04	5663039916000	-0.002130528911948204	-0.001065264455974102	0.0
Nexus5x04	5663044995000	-0.003195793367922306	0.001065264455974102	-0.003195793367922306
Nexus5x04	5663050019000	0.003195793367922306	0.002130528911948204	0.004261057823896408
Nexus5x04	5663055075000	0.004261057823896408	-0.001065264455974102	-0.003195793367922306
Nexus5x04	5663060131000	0.002130528911948204	-0.001065264455974102	-0.003195793367922306
Nexus5x04	5663065250000	-0.004261057823896408	-0.001065264455974102	-0.00532632227987051
Nexus5x04	5663070274000	-0.006391586735844612	-0.006391586735844612	0.003195793367922306
Nexus5x04	5663075330000	0.0	-0.008522115647792816	-0.002130528911948204
Nexus5x04	5663080386000	0.00532632227987051	0.0	0.002130528911948204
Nexus5x04	5663085463000	0.00532632227987051	-0.008522115647792816	0.006391586735844612
Nexus5x04	5663090487000	0.002130528911948204	-0.009587380103766918	0.0
Nexus5x04	5663095543000	0.002130528911948204	-0.003195793367922306	-0.003195793367922306
Nexus5x04	5663100599000	-0.003195793367922306	-0.004261057823896408	0.002130528911948204
Nexus5x04	5663105714000	-0.00532632227987051	-0.003195793367922306	0.0
Nexus5x04	5663110738000	0.007456851191818714	-0.001065264455974102	-0.003195793367922306
Nexus5x04	5663115794000	0.008522115647792816	0.008522115647792816	-0.008522115647792816
Nexus5x04	5663120850000	-0.008522115647792816	-0.004261057823896408	0.001065264455974102
Nexus5x04	5663125962000	-0.004261057823896408	0.0	-0.002130528911948204
Nexus5x04	5663130986000	0.0	-0.007456851191818714	0.0
Nexus5x04	5663136042000	0.003195793367922306	0.0	-0.001065264455974102
Nexus5x04	5663141098000	0.001065264455974102	-0.001065264455974102	0.001065264455974102
Nexus5x04	5663146235000	0.003195793367922306	0.001065264455974102	-0.00532632227987051
Nexus5x04	5663151259000	0.002130528911948204	0.004261057823896408	-0.006391586735844612
Nexus5x04	5663156315000	0.002130528911948204	-0.00532632227987051	-0.003195793367922306
Nexus5x04	5663161371000	0.003195793367922306	0.001065264455974102	-0.001065264455974102
Nexus5x04	5663166487000	0.002130528911948204	-0.006391586735844612	0.0
Nexus5x04	5663171511000	-0.004261057823896408	-0.006391586735844612	0.004261057823896408
Nexus5x04	5663176567000	-0.008522115647792816	-0.003195793367922306	0.001065264455974102
Nexus5x04	5663181623000	0.006391586735844612	0.004261057823896408	-0.004261057823896408
Nexus5x04	5663186738000	-0.008522115647792816	0.003195793367922306	-0.001065264455974102
Nexus5x04	5663191762000	0.002130528911948204	-0.012783173471689224	-0.007456851191818714
Nexus5x04	5663196818000	0.004261057823896408	-0.00532632227987051	0.002130528911948204
Nexus5x04	5663201874000	-0.003195793367922306	-0.003195793367922306	0.001065264455974102
Nexus5x04	5663206962000	0.006391586735844612	-0.004261057823896408	0.001065264455974102
Nexus5x04	5663211986000	0.006391586735844612	-0.001065264455974102	-0.003195793367922306
Nexus5x04	5663217042000	-0.00532632227987051	-0.006391586735844612	-0.00532632227987051
Nexus5x04	5663222098000	-0.004261057823896408	0.002130528911948204	-0.001065264455974102
Nexus5x04	5663227176000	-0.003195793367922306	0.0	-0.009587380103766918
Nexus5x04	5663232200000	-0.004261057823896408	-0.00532632227987051	-0.003195793367922306
Nexus5x04	5663237256000	-0.002130528911948204	-0.001065264455974102	-0.002130528911948204
Nexus5x04	5663242312000	0.0	0.001065264455974102	0.002130528911948204
Nexus5x04	5663247395000	0.004261057823896408	0.004261057823896408	0.001065264455974102
Nexus5x04	5663252419000	0.004261057823896408	0.004261057823896408	-0.003195793367922306
Nexus5x04	5663257475000	-0.004261057823896408	-0.003195793367922306	-0.009587380103766918
Nexus5x04	5663262531000	-0.01065264455974102	0.0	0.001065264455974102
Nexus5x04	5663267657000	0.002130528911948204	0.001065264455974102	-0.008522115647792816
Nexus5x04	5663272681000	0.002130528911948204	0.002130528911948204	-0.002130528911948204
Nexus5x04	5663277737000	-0.009587380103766918	-0.00532632227987051	-0.008522115647792816
Nexus5x04	5663282793000	-0.001065264455974102	0.003195793367922306	0.001065264455974102
Nexus5x04	5663287860000	-0.004261057823896408	0.002130528911948204	0.0
Nexus5x04	5663292884000	-0.002130528911948204	-0.004261057823896408	-0.003195793367922306
Nexus5x04	5663297940000	0.002130528911948204	0.001065264455974102	-0.008522115647792816
Nexus5x04	5663302996000	0.003195793367922306	0.003195793367922306	-0.003195793367922306
Nexus5x04	5663308069000	0.004261057823896408	0.001065264455974102	0.001065264455974102
Nexus5x04	5663313093000	-0.00532632227987051	-0.007456851191818714	-0.007456851191818714
Nexus5x04	5663318149000	0.006391586735844612	-0.002130528911948204	-0.00532632227987051
Nexus5x04	5663323205000	0.001065264455974102	0.0	0.0
Nexus5x04	5663328309000	-0.012783173471689224	0.003195793367922306	0.0
Nexus5x04	5663333333000	0.001065264455974102	0.003195793367922306	0.002130528911948204
Nexus5x04	5663338389000	-0.003195793367922306	-0.004261057823896408	-0.002130528911948204
Nexus5x04	5663343445000	-0.002130528911948204	-0.003195793367922306	0.003195793367922306
Nexus5x04	5663348545000	0.00532632227987051	0.003195793367922306	-0.002130528911948204
Nexus5x04	5663353569000	0.006391586735844612	-0.002130528911948204	-0.002130528911948204
Nexus5x04	5663358625000	0.00532632227987051	0.004261057823896408	0.0
Nexus5x04	5663363681000	-0.009587380103766918	0.004261057823896408	0.001065264455974102
Nexus5x04	5663368750000	-0.001065264455974102	-0.002130528911948204	-0.00532632227987051
Nexus5x04	5663373774000	-0.00532632227987051	0.003195793367922306	0.0
Nexus5x04	5663378830000	-0.004261057823896408	-0.011717909015715122	-0.003195793367922306
Nexus5x04	5663383886000	0.014913702383637428	0.002130528911948204	0.007456851191818714
Nexus5x04	5663389018000	-0.006391586735844612	-0.004261057823896408	0.00532632227987051
Nexus5x04	5663394042000	0.0	-0.002130528911948204	-0.001065264455974102
Nexus5x04	5663399098000	0.00532632227987051	0.001065264455974102	-0.004261057823896408
Nexus5x04	5663404154000	0.004261057823896408	0.004261057823896408	-0.001065264455974102
Nexus5x04	5663409284000	-0.003195793367922306	0.001065264455974102	-0.003195793367922306
Nexus5x04	5663414308000	-0.001065264455974102	0.0	0.009587380103766918
Nexus5x04	5663419364000	0.0	0.001065264455974102	0.006391586735844612
Nexus5x04	5663424420000	0.009587380103766918	0.0	-0.002130528911948204
Nexus5x04	5663429482000	0.003195793367922306	-0.007456851191818714	-0.002130528911948204
Nexus5x04	5663434506000	0.0	-0.004261057823896408	-0.009587380103766918
Nexus5x04	5663439562000	0.006391586735844612	-0.001065264455974102	-0.004261057823896408
Nexus5x04	5663444618000	0.00532632227987051	0.004261057823896408	0.002130528911948204
Nexus5x04	5663449690000	-0.003195793367922306	0.003195793367922306	-0.00532632227987051
Nexus5x04	5663454714000	0.003195793367922306	0.004261057823896408	0.0
Nexus5x04	5663459770000	-0.006391586735844612	-0.003195793367922306	-0.003195793367922306
Nexus5x04	5663464826000	-0.001065264455974102	0.001065264455974102	-0.002130528911948204
Nexus5x04	5663469927000	-0.009587380103766918	0.002130528911948204	-0.001065264455974102
Nexus5x04	5663474951000	0.0	0.004261057823896408	0.002130528911948204
Nexus5x04	5663480007000	-0.001065264455974102	-0.001065264455974102	0.001065264455974102
Nexus5x04	5663485063000	-0.001065264455974102	-0.001065264455974102	-0.002130528911948204
Nexus5x04	5663490126000	-0.001065264455974102	-0.003195793367922306	-0.001065264455974102
Nexus5x04	5663495150000	-0.001065264455974102	-0.001065264455974102	0.0
Nexus5x04	5663500206000	-0.004261057823896408	-0.00532632227987051	0.0
Nexus5x04	5663505262000	-0.001065264455974102	-0.006391586735844612	-0.004261057823896408
Nexus5x04	5663510329000	-0.002130528911948204	-0.001065264455974102	0.002130528911948204
Nexus5x04	5663515353000	0.001065264455974102	0.008522115647792816	0.006391586735844612
Nexus5x04	5663520409000	-0.006391586735844612	-0.006391586735844612	0.002130528911948204
Nexus5x04	5663525465000	0.004261057823896408	-0.004261057823896408	0.0
Nexus5x04	5663530563000	0.008522115647792816	-0.004261057823896408	-0.00532632227987051
Nexus5x04	5663535587000	-0.006391586735844612	-0.002130528911948204	-0.00532632227987051
Nexus5x04	5663540643000	-0.001065264455974102	-0.006391586735844612	-0.001065264455974102
Nexus5x04	5663545699000	-0.006391586735844612	-0.007456851191818714	0.006391586735844612
Nexus5x04	5663550776000	0.002130528911948204	-0.004261057823896408	0.002130528911948204
Nexus5x04	5663555800000	-0.001065264455974102	-0.003195793367922306	0.007456851191818714
Nexus5x04	5663560856000	0.003195793367922306	-0.001065264455974102	0.001065264455974102
Nexus5x04	5663565912000	0.004261057823896408	-0.003195793367922306	-0.004261057823896408
Nexus5x04	5663570978000	0.004261057823896408	-0.004261057823896408	0.004261057823896408
Nexus5x04	5663576002000	0.00532632227987051	-0.002130528911948204	-0.001065264455974102
Nexus5x04	5663581058000	0.004261057823896408	-0.004261057823896408	-0.00532632227987051
Nexus5x04	5663586114000	0.001065264455974102	-0.002130528911948204	-0.001065264455974102
Nexus5x04	5663591233000	-0.007456851191818714	0.0	0.004261057823896408
Nexus5x04	5663596257000	0.004261057823896408	0.001065264455974102	-0.00532632227987051
Nexus5x04	5663601313000	0.004261057823896408	0.003195793367922306	-0.003195793367922306
Nexus5x04	5663606369000	-0.002130528911948204	0.001065264455974102	-0.003195793367922306
Nexus5x04	5663611508000	-0.001065264455974102	-0.001065264455974102	-0.003195793367922306
Nexus5x04	5663616532000	0.008522115647792816	0.002130528911948204	-0.002130528911948204
Nexus5x04	5663621588000	0.002130528911948204	0.001065264455974102	0.002130528911948204
Nexus5x04	5663626644000	-0.001065264455974102	0.00532632227987051	-0.004261057823896408
Nexus5x04	5663631790000	0.004261057823896408	-0.006391586735844612	-0.00532632227987051
Nexus5x04	5663636814000	-0.001065264455974102	-0.001065264455974102	-0.001065264455974102
Nexus5x04	5663641870000	-0.006391586735844612	0.009587380103766918	0.0
Nexus5x04	5663646926000	0.004261057823896408	-0.008522115647792816	0.004261057823896408
Nexus5x04	5663651915000	0.003195793367922306	-0.004261057823896408	-0.003195793367922306
Nexus5x04	5663656939000	-0.015978965908288956	0.002130528911948204	-0.008522115647792816
Nexus5x04	5663661995000	-0.012783173471689224	0.003195793367922306	-0.002130528911948204
Nexus5x04	5663667051000	0.0	-0.004261057823896408	0.0
Nexus5x04	5663672212000	0.00532632227987051	-0.004261057823896408	0.00532632227987051
Nexus5x04	5663677236000	-0.002130528911948204	-0.003195793367922306	-0.006391586735844612
Nexus5x04	5663682292000	-0.019174760207533836	-0.004261057823896408	0.001065264455974102
Nexus5x04	5663687348000	-0.00532632227987051	-0.006391586735844612	0.008522115647792816
Nexus5x04	5663692423000	-0.007456851191818714	0.002130528911948204	-0.001065264455974102
Nexus5x04	5663697447000	0.002130528911948204	0.002130528911948204	-0.003195793367922306
Nexus5x04	5663702503000	0.004261057823896408	-0.002130528911948204	0.0
Nexus5x04	5663707559000	-0.001065264455974102	0.003195793367922306	-0.001065264455974102
Nexus5x04	5663712658000	-0.002130528911948204	0.0	-0.003195793367922306
Nexus5x04	5663717682000	0.007456851191818714	0.003195793367922306	0.001065264455974102
Nexus5x04	5663722738000	-0.009587380103766918	-0.004261057823896408	-0.001065264455974102
Nexus5x04	5663727794000	-0.003195793367922306	-0.006391586735844612	0.001065264455974102
Nexus5x04	5663732878000	0.001065264455974102	0.002130528911948204	0.001065264455974102
Nexus5x04	5663737902000	0.001065264455974102	0.00532632227987051	0.0
Nexus5x04	5663742958000	-0.006391586735844612	0.007456851191818714	0.001065264455974102
Nexus5x04	5663748014000	-0.001065264455974102	-0.004261057823896408	-0.003195793367922306
Nexus5x04	5663753193000	0.006391586735844612	0.002130528911948204	0.001065264455974102
Nexus5x04	5663758217000	0.0	-0.009587380103766918	-0.006391586735844612
Nexus5x04	5663763273000	-0.001065264455974102	0.001065264455974102	0.001065264455974102
Nexus5x04	5663768329000	0.01065264455974102	-0.001065264455974102	0.0
Nexus5x04	5663773449000	0.001065264455974102	-0.017044231295585632	-0.013848437927663326
Nexus5x04	5663778473000	0.011717909015715122	-0.00532632227987051	0.001065264455974102
Nexus5x04	5663783529000	0.007456851191818714	0.0	0.0
Nexus5x04	5663788585000	-0.004261057823896408	0.007456851191818714	0.003195793367922306
Nexus5x04	5663793693000	0.004261057823896408	0.002130528911948204	-0.003195793367922306
Nexus5x04	5663798717000	0.0	0.001065264455974102	-0.004261057823896408
Nexus5x04	5663803773000	0.006391586735844612	-0.003195793367922306	0.003195793367922306
Nexus5x04	5663808829000	-0.004261057823896408	0.003195793367922306	-0.006391586735844612
Nexus5x04	5663813885000	-0.002130528911948204	-0.003195793367922306	-0.003195793367922306
Nexus5x04	5663818909000	-0.001065264455974102	-0.001065264455974102	-0.004261057823896408
Nexus5x04	5663823965000	-0.002130528911948204	-0.002130528911948204	-0.007456851191818714
Nexus5x04	5663829021000	-0.002130528911948204	-0.002130528911948204	-0.001065264455974102
Nexus5x04	5663834089000	-0.002130528911948204	-0.002130528911948204	-0.004261057823896408
Nexus5x04	5663839113000	0.003195793367922306	0.0	0.006391586735844612
Nexus5x04	5663844169000	0.007456851191818714	0.0	0.0
Nexus5x04	5663849225000	0.009587380103766918	0.002130528911948204	-0.004261057823896408
Nexus5x04	5663854355000	0.002130528911948204	0.002130528911948204	0.00532632227987051
Nexus5x04	5663859379000	-0.002130528911948204	-0.002130528911948204	0.002130528911948204
Nexus5x04	5663864435000	0.001065264455974102	0.003195793367922306	-0.001065264455974102
Nexus5x04	5663869491000	0.004261057823896408	0.001065264455974102	-0.001065264455974102
Nexus5x04	5663874574000	0.003195793367922306	-0.009587380103766918	-0.003195793367922306
Nexus5x04	5663879598000	-0.001065264455974102	-0.002130528911948204	0.007456851191818714
Nexus5x04	5663884654000	0.012783173471689224	-0.002130528911948204	-0.002130528911948204
Nexus5x04	5663889710000	-0.006391586735844612	-0.001065264455974102	0.0
Nexus5x04	5663894806000	-0.002130528911948204	0.001065264455974102	-0.001065264455974102
Nexus5x04	5663899830000	-0.006391586735844612	0.0	0.002130528911948204
Nexus5x04	5663904886000	0.0	-0.002130528911948204	0.0
Nexus5x04	5663909942000	0.001065264455974102	0.001065264455974102	0.003195793367922306
Nexus5x04	5663915054000	0.002130528911948204	0.001065264455974102	-0.003195793367922306
Nexus5x04	5663920078000	0.004261057823896408	0.0	0.001065264455974102
Nexus5x04	5663925134000	-0.001065264455974102	-0.001065264455974102	0.002130528911948204
Nexus5x04	5663930190000	0.006391586735844612	-0.007456851191818714	0.00532632227987051
Nexus5x04	5663935289000	0.0	0.003195793367922306	-0.002130528911948204
Nexus5x04	5663940313000	-0.002130528911948204	0.002130528911948204	-0.002130528911948204
Nexus5x04	5663945369000	0.01065264455974102	0.0	-0.004261057823896408
Nexus5x04	5663950425000	-0.004261057823896408	0.0	-0.001065264455974102
Nexus5x04	5663955463000	0.004261057823896408	0.002130528911948204	0.003195793367922306
Nexus5x04	5663960487000	-0.001065264455974102	-0.00532632227987051	0.0
Nexus5x04	5663965543000	-0.007456851191818714	-0.002130528911948204	-0.002130528911948204
Nexus5x04	5663970599000	-0.008522115647792816	-0.003195793367922306	-0.003195793367922306
Nexus5x04	5663975723000	0.011717909015715122	0.002130528911948204	-0.001065264455974102
Nexus5x04	5663980747000	-0.004261057823896408	-0.002130528911948204	0.0
Nexus5x04	5663985803000	0.003195793367922306	-0.002130528911948204	0.0
Nexus5x04	5663990859000	0.0	0.007456851191818714	0.0
Nexus5x04	5663995990000	0.00532632227987051	-0.002130528911948204	-0.002130528911948204
Nexus5x04	5664001014000	0.003195793367922306	-0.003195793367922306	0.001065264455974102
Nexus5x04	5664006070000	0.001065264455974102	0.0	0.0
Nexus5x04	5664011126000	-0.001065264455974102	-0.003195793367922306	-0.002130528911948204
Nexus5x04	5664016248000	0.0	0.00532632227987051	0.003195793367922306
Nexus5x04	5664021272000	-0.002130528911948204	0.001065264455974102	0.001065264455974102
Nexus5x04	5664026328000	0.003195793367922306	-0.003195793367922306	-0.001065264455974102
Nexus5x04	5664031384000	-0.00532632227987051	-0.00532632227987051	-0.009587380103766918
Nexus5x04	5664036499000	-0.003195793367922306	0.004261057823896408	-0.001065264455974102
Nexus5x04	5664041523000	0.002130528911948204	0.0	-0.001065264455974102
Nexus5x04	5664046579000	0.004261057823896408	-0.007456851191818714	0.006391586735844612
Nexus5x04	5664051635000	0.006391586735844612	-0.004261057823896408	-0.007456851191818714
Nexus5x04	5664056491000	0.004261057823896408	0.004261057823896408	0.01065264455974102
Nexus5x04	5664061515000	0.002130528911948204	-0.001065264455974102	0.0
Nexus5x04	5664066571000	0.004261057823896408	0.003195793367922306	-0.001065264455974102
Nexus5x04	5664071627000	0.006391586735844612	0.004261057823896408	-0.003195793367922306
Nexus5x04	5664076666000	-0.004261057823896408	0.004261057823896408	-0.001065264455974102
Nexus5x04	5664081690000	-0.006391586735844612	0.0	0.007456851191818714
Nexus5x04	5664086746000	0.001065264455974102	0.001065264455974102	-0.003195793367922306
Nexus5x04	5664091802000	-0.003195793367922306	-0.004261057823896408	0.0
Nexus5x04	5664096868000	0.003195793367922306	0.0	0.0
Nexus5x04	5664101892000	0.006391586735844612	0.0	0.006391586735844612
Nexus5x04	5664106948000	-0.00532632227987051	-0.006391586735844612	-0.001065264455974102
Nexus5x04	5664112004000	0.003195793367922306	-0.002130528911948204	-0.002130528911948204
Nexus5x04	5664117089000	-0.001065264455974102	0.001065264455974102	-0.003195793367922306
Nexus5x04	5664122113000	0.006391586735844612	-0.003195793367922306	-0.004261057823896408
Nexus5x04	5664127169000	0.001065264455974102	0.003195793367922306	-0.003195793367922306
Nexus5x04	5664132225000	-0.012783173471689224	-0.004261057823896408	-0.003195793367922306
Nexus5x04	5664137334000	-0.009587380103766918	-0.00532632227987051	0.002130528911948204
Nexus5x04	5664142358000	-0.002130528911948204	-0.006391586735844612	-0.00532632227987051
Nexus5x04	5664147414000	0.004261057823896408	0.001065264455974102	-0.01065264455974102
Nexus5x04	5664152470000	0.009587380103766918	0.006391586735844612	0.009587380103766918
Nexus5x04	5664157734000	-0.003195793367922306	-0.00532632227987051	-0.001065264455974102
Nexus5x04	5664162758000	-0.006391586735844612	0.0	-0.002130528911948204
Nexus5x04	5664167814000	-0.001065264455974102	0.004261057823896408	-0.001065264455974102
Nexus5x04	5664172870000	0.001065264455974102	-0.00532632227987051	-0.007456851191818714
Nexus5x04	5664177902000	0.003195793367922306	0.007456851191818714	-0.009587380103766918
Nexus5x04	5664182926000	0.011717909015715122	0.00532632227987051	0.007456851191818714
Nexus5x04	5664187982000	0.008522115647792816	0.003195793367922306	0.002130528911948204
Nexus5x04	5664193038000	0.015978965908288956	0.00532632227987051	-0.003195793367922306
Nexus5x04	5664198139000	0.003195793367922306	0.0	0.006391586735844612
Nexus5x04	5664203163000	0.0	0.0	-0.001065264455974102
Nexus5x04	5664208219000	0.008522115647792816	0.004261057823896408	0.00532632227987051
Nexus5x04	5664213275000	0.006391586735844612	0.004261057823896408	0.006391586735844612
