displayname	timestamp	x	y	z
Nexus5x05	1766735346000	0.01715087890625	-0.0416259765625	-0.70587158203125
Nexus5x05	1766740306000	0.01702880859375	-0.0419921875	-0.7059326171875
Nexus5x05	1766745318000	0.0174560546875	-0.0419921875	-0.7059326171875
Nexus5x05	1766750278000	0.017578125	-0.04168701171875	-0.7059326171875
Nexus5x05	1766755314000	0.01727294921875	-0.0418701171875	-0.7059326171875
Nexus5x05	1766760274000	0.0164794921875	-0.0419921875	-0.7059326171875
Nexus5x05	1766765853000	0.0162353515625	-0.042236328125	-0.7059326171875
Nexus5x05	1766770828000	0.01629638671875	-0.04302978515625	-0.7059326171875
Nexus5x05	1766775841000	0.01605224609375	-0.04296875	-0.7059326171875
Nexus5x05	1766780792000	0.01629638671875	-0.04296875	-0.7059326171875
Nexus5x05	1766785792000	0.01678466796875	-0.04302978515625	-0.7059326171875
Nexus5x05	1766790867000	0.01678466796875	-0.043212890625	-0.7059326171875
Nexus5x05	1766795867000	0.01641845703125	-0.04266357421875	-0.70599365234375
Nexus5x05	1766800841000	0.01678466796875	-0.04229736328125	-0.70599365234375
Nexus5x05	1766805841000	0.01605224609375	-0.0423583984375	-0.70599365234375
Nexus5x05	1766810807000	0.01544189453125	-0.04229736328125	-0.70599365234375
Nexus5x05	1766815807000	0.01605224609375	-0.0418701171875	-0.70599365234375
Nexus5x05	1766820791000	0.01641845703125	-0.04168701171875	-0.7060546875
Nexus5x05	1766825791000	0.0167236328125	-0.04144287109375	-0.7060546875
Nexus5x05	1766830859000	0.01629638671875	-0.041259765625	-0.7060546875
Nexus5x05	1766835859000	0.01666259765625	-0.0413818359375	-0.70611572265625
Nexus5x05	1766840878000	0.01690673828125	-0.04168701171875	-0.70611572265625
Nexus5x05	1766845878000	0.016845703125	-0.04150390625	-0.70611572265625
Nexus5x05	1766850865000	0.017578125	-0.04156494140625	-0.7061767578125
Nexus5x05	1766855865000	0.0172119140625	-0.0419921875	-0.70611572265625
Nexus5x05	1766860912000	0.01690673828125	-0.04193115234375	-0.70611572265625
Nexus5x05	1766865912000	0.01715087890625	-0.04290771484375	-0.70611572265625
Nexus5x05	1766870882000	0.016845703125	-0.04241943359375	-0.70611572265625
Nexus5x05	1766875878000	0.01690673828125	-0.043212890625	-0.7060546875
Nexus5x05	1766880880000	0.0174560546875	-0.04339599609375	-0.70611572265625
Nexus5x05	1766885876000	0.016845703125	-0.04266357421875	-0.70611572265625
Nexus5x05	1766890819000	0.01708984375	-0.04290771484375	-0.70611572265625
Nexus5x05	1766895819000	0.017822265625	-0.04302978515625	-0.7061767578125
Nexus5x05	1766900723000	0.01708984375	-0.043212890625	-0.70611572265625
Nexus5x05	1766905723000	0.016357421875	-0.04315185546875	-0.70611572265625
Nexus5x05	1766910724000	0.0159912109375	-0.04351806640625	-0.70611572265625
Nexus5x05	1766915724000	0.01605224609375	-0.04388427734375	-0.70611572265625
Nexus5x05	1766920620000	0.01531982421875	-0.04339599609375	-0.70611572265625
Nexus5x05	1766925629000	0.01568603515625	-0.0435791015625	-0.70611572265625
Nexus5x05	1766930697000	0.0157470703125	-0.043212890625	-0.70611572265625
Nexus5x05	1766935697000	0.0159912109375	-0.0430908203125	-0.7061767578125
Nexus5x05	1766940693000	0.01531982421875	-0.0440673828125	-0.70611572265625
Nexus5x05	1766945693000	0.0142822265625	-0.0438232421875	-0.70611572265625
Nexus5x05	1766950670000	0.01416015625	-0.042236328125	-0.70611572265625
Nexus5x05	1766955630000	0.01458740234375	-0.0418701171875	-0.7061767578125
Nexus5x05	1766960677000	0.01422119140625	-0.0418701171875	-0.7061767578125
Nexus5x05	1766965637000	0.01470947265625	-0.04193115234375	-0.7061767578125
Nexus5x05	1766970762000	0.0157470703125	-0.0416259765625	-0.7061767578125
Nexus5x05	1766975722000	0.01605224609375	-0.04345703125	-0.70611572265625
Nexus5x05	1766980671000	0.0157470703125	-0.04315185546875	-0.70611572265625
Nexus5x05	1766985631000	0.0159912109375	-0.043701171875	-0.70611572265625
Nexus5x05	1766990681000	0.0159912109375	-0.04302978515625	-0.70611572265625
Nexus5x05	1766995641000	0.016845703125	-0.0421142578125	-0.7061767578125
Nexus5x05	1767000587000	0.01654052734375	-0.0426025390625	-0.7061767578125
Nexus5x05	1767005547000	0.01617431640625	-0.0423583984375	-0.7061767578125
Nexus5x05	1767010493000	0.0159912109375	-0.0419921875	-0.70623779296875
Nexus5x05	1767015453000	0.01605224609375	-0.04229736328125	-0.70623779296875
Nexus5x05	1767020411000	0.015625	-0.04229736328125	-0.70623779296875
Nexus5x05	1767025371000	0.0155029296875	-0.04266357421875	-0.7061767578125
Nexus5x05	1767030374000	0.0150146484375	-0.04364013671875	-0.7061767578125
Nexus5x05	1767035334000	0.015380859375	-0.0439453125	-0.7061767578125
Nexus5x05	1767040317000	0.01605224609375	-0.043701171875	-0.70623779296875
Nexus5x05	1767045277000	0.016357421875	-0.0435791015625	-0.70623779296875
Nexus5x05	1767050311000	0.01641845703125	-0.0435791015625	-0.706298828125
Nexus5x05	1767055271000	0.01580810546875	-0.044189453125	-0.70623779296875
Nexus5x05	1767060189000	0.0155029296875	-0.0438232421875	-0.70623779296875
Nexus5x05	1767065149000	0.01605224609375	-0.04315185546875	-0.706298828125
Nexus5x05	1767070257000	0.01617431640625	-0.042724609375	-0.706298828125
Nexus5x05	1767075217000	0.0159912109375	-0.0428466796875	-0.706298828125
Nexus5x05	1767080157000	0.01654052734375	-0.0430908203125	-0.706298828125
Nexus5x05	1767085277000	0.0166015625	-0.04296875	-0.706298828125
Nexus5x05	1767090165000	0.01666259765625	-0.0430908203125	-0.706298828125
Nexus5x05	1767095183000	0.0164794921875	-0.04388427734375	-0.706298828125
Nexus5x05	1767100183000	0.0166015625	-0.0440673828125	-0.706298828125
Nexus5x05	1767105181000	0.01654052734375	-0.043701171875	-0.706298828125
Nexus5x05	1767110181000	0.01580810546875	-0.0435791015625	-0.706298828125
Nexus5x05	1767115181000	0.0162353515625	-0.0433349609375	-0.706298828125
Nexus5x05	1767120181000	0.016845703125	-0.04296875	-0.70635986328125
Nexus5x05	1767125189000	0.01708984375	-0.04266357421875	-0.70635986328125
Nexus5x05	1767130189000	0.01702880859375	-0.04266357421875	-0.70635986328125
Nexus5x05	1767135312000	0.016845703125	-0.04278564453125	-0.70635986328125
Nexus5x05	1767140312000	0.01715087890625	-0.04248046875	-0.7064208984375
Nexus5x05	1767145329000	0.01776123046875	-0.04180908203125	-0.70648193359375
Nexus5x05	1767150329000	0.0177001953125	-0.04144287109375	-0.70648193359375
Nexus5x05	1767155250000	0.0169677734375	-0.0421142578125	-0.70648193359375
Nexus5x05	1767160250000	0.0169677734375	-0.042724609375	-0.70648193359375
Nexus5x05	1767165249000	0.01739501953125	-0.0423583984375	-0.70648193359375
Nexus5x05	1767170249000	0.0169677734375	-0.04241943359375	-0.70648193359375
Nexus5x05	1767175212000	0.016357421875	-0.04315185546875	-0.70648193359375
Nexus5x05	1767180212000	0.01580810546875	-0.0435791015625	-0.70648193359375
Nexus5x05	1767185213000	0.0157470703125	-0.04345703125	-0.70648193359375
Nexus5x05	1767190213000	0.015625	-0.04302978515625	-0.70648193359375
Nexus5x05	1767195124000	0.015869140625	-0.04278564453125	-0.70648193359375
Nexus5x05	1767200124000	0.01666259765625	-0.04339599609375	-0.70648193359375
Nexus5x05	1767205215000	0.01666259765625	-0.04376220703125	-0.70648193359375
Nexus5x05	1767210215000	0.015625	-0.0439453125	-0.7064208984375
Nexus5x05	1767215167000	0.015625	-0.04339599609375	-0.70648193359375
Nexus5x05	1767220167000	0.01654052734375	-0.04266357421875	-0.70654296875
Nexus5x05	1767225182000	0.01641845703125	-0.04241943359375	-0.70654296875
Nexus5x05	1767230182000	0.01605224609375	-0.04278564453125	-0.70648193359375
Nexus5x05	1767235238000	0.01605224609375	-0.04339599609375	-0.70648193359375
Nexus5x05	1767240238000	0.0167236328125	-0.04400634765625	-0.70648193359375
Nexus5x05	1767245383000	0.01666259765625	-0.0439453125	-0.70648193359375
Nexus5x05	1767250383000	0.01708984375	-0.0438232421875	-0.70654296875
Nexus5x05	1767255386000	0.0166015625	-0.04364013671875	-0.70654296875
Nexus5x05	1767260386000	0.0166015625	-0.0428466796875	-0.70654296875
Nexus5x05	1767265446000	0.015869140625	-0.04156494140625	-0.70660400390625
Nexus5x05	1767270538000	0.0164794921875	-0.041748046875	-0.70660400390625
Nexus5x05	1767275677000	0.01641845703125	-0.042236328125	-0.70654296875
Nexus5x05	1767280610000	0.01611328125	-0.0419921875	-0.70660400390625
Nexus5x05	1767285665000	0.01580810546875	-0.041748046875	-0.70660400390625
Nexus5x05	1767290665000	0.017333984375	-0.04193115234375	-0.70660400390625
Nexus5x05	1767295702000	0.01763916015625	-0.04217529296875	-0.70660400390625
Nexus5x05	1767300702000	0.0177001953125	-0.04345703125	-0.70648193359375
Nexus5x05	1767305852000	0.01763916015625	-0.04364013671875	-0.70648193359375
Nexus5x05	1767310852000	0.0164794921875	-0.0433349609375	-0.7064208984375
Nexus5x05	1767315893000	0.01568603515625	-0.04290771484375	-0.70635986328125
Nexus5x05	1767320853000	0.01629638671875	-0.0419921875	-0.70635986328125
Nexus5x05	1767325872000	0.01556396484375	-0.04180908203125	-0.7064208984375
Nexus5x05	1767330832000	0.01568603515625	-0.041748046875	-0.7064208984375
Nexus5x05	1767335936000	0.016845703125	-0.041748046875	-0.7064208984375
Nexus5x05	1767340896000	0.01702880859375	-0.04168701171875	-0.7064208984375
Nexus5x05	1767345927000	0.0177001953125	-0.041259765625	-0.70648193359375
Nexus5x05	1767350887000	0.01751708984375	-0.0416259765625	-0.70648193359375
Nexus5x05	1767355912000	0.01666259765625	-0.0421142578125	-0.7064208984375
Nexus5x05	1767360872000	0.01544189453125	-0.04144287109375	-0.7064208984375
Nexus5x05	1767365885000	0.015869140625	-0.04168701171875	-0.7064208984375
Nexus5x05	1767370845000	0.01568603515625	-0.04241943359375	-0.7064208984375
Nexus5x05	1767375809000	0.015625	-0.0426025390625	-0.7064208984375
Nexus5x05	1767380769000	0.01605224609375	-0.04412841796875	-0.70648193359375
Nexus5x05	1767385780000	0.01611328125	-0.04449462890625	-0.7064208984375
Nexus5x05	1767390740000	0.01678466796875	-0.04364013671875	-0.70654296875
Nexus5x05	1767395683000	0.01690673828125	-0.04345703125	-0.70660400390625
Nexus5x05	1767400643000	0.016845703125	-0.04296875	-0.70660400390625
Nexus5x05	1767405613000	0.01702880859375	-0.0426025390625	-0.7066650390625
Nexus5x05	1767410573000	0.0174560546875	-0.0428466796875	-0.7066650390625
Nexus5x05	1767415547000	0.017822265625	-0.04302978515625	-0.7066650390625
Nexus5x05	1767420507000	0.01678466796875	-0.04327392578125	-0.70660400390625
Nexus5x05	1767425499000	0.016357421875	-0.04302978515625	-0.70660400390625
Nexus5x05	1767430459000	0.016845703125	-0.04302978515625	-0.70660400390625
Nexus5x05	1767435499000	0.01666259765625	-0.043212890625	-0.70660400390625
Nexus5x05	1767440497000	0.0164794921875	-0.04339599609375	-0.70660400390625
Nexus5x05	1767445497000	0.0164794921875	-0.0435791015625	-0.70660400390625
Nexus5x05	1767450457000	0.01690673828125	-0.0428466796875	-0.7066650390625
Nexus5x05	1767455378000	0.01739501953125	-0.0426025390625	-0.70672607421875
Nexus5x05	1767460275000	0.0169677734375	-0.04302978515625	-0.7066650390625
Nexus5x05	1767465275000	0.0174560546875	-0.0430908203125	-0.70672607421875
Nexus5x05	1767470283000	0.01763916015625	-0.0430908203125	-0.70672607421875
Nexus5x05	1767475283000	0.01739501953125	-0.0430908203125	-0.70672607421875
Nexus5x05	1767480280000	0.01763916015625	-0.04315185546875	-0.70672607421875
Nexus5x05	1767485280000	0.01776123046875	-0.04315185546875	-0.70672607421875
Nexus5x05	1767490235000	0.017578125	-0.0426025390625	-0.706787109375
Nexus5x05	1767495235000	0.0172119140625	-0.0418701171875	-0.70684814453125
Nexus5x05	1767500228000	0.01654052734375	-0.04119873046875	-0.7069091796875
Nexus5x05	1767505228000	0.01617431640625	-0.04144287109375	-0.7069091796875
Nexus5x05	1767510137000	0.015625	-0.041748046875	-0.70697021484375
Nexus5x05	1767515137000	0.01544189453125	-0.04229736328125	-0.70697021484375
Nexus5x05	1767520224000	0.0157470703125	-0.043212890625	-0.70703125
Nexus5x05	1767525224000	0.01568603515625	-0.04345703125	-0.70703125
Nexus5x05	1767530227000	0.01568603515625	-0.0426025390625	-0.70703125
Nexus5x05	1767535227000	0.01556396484375	-0.0423583984375	-0.70703125
Nexus5x05	1767540219000	0.01568603515625	-0.04241943359375	-0.70709228515625
Nexus5x05	1767545219000	0.01544189453125	-0.04248046875	-0.70709228515625
Nexus5x05	1767550317000	0.01513671875	-0.04217529296875	-0.70709228515625
Nexus5x05	1767555228000	0.0152587890625	-0.04241943359375	-0.70709228515625
Nexus5x05	1767560309000	0.01617431640625	-0.0428466796875	-0.70709228515625
Nexus5x05	1767565309000	0.0162353515625	-0.04290771484375	-0.7071533203125
Nexus5x05	1767570310000	0.01678466796875	-0.042724609375	-0.7071533203125
Nexus5x05	1767575310000	0.01641845703125	-0.0428466796875	-0.7071533203125
Nexus5x05	1767580262000	0.01593017578125	-0.0433349609375	-0.70709228515625
Nexus5x05	1767585264000	0.0150146484375	-0.0433349609375	-0.70703125
Nexus5x05	1767590264000	0.01544189453125	-0.04266357421875	-0.70703125
Nexus5x05	1767595264000	0.0152587890625	-0.04315185546875	-0.70709228515625
Nexus5x05	1767600355000	0.01470947265625	-0.04315185546875	-0.70703125
Nexus5x05	1767605355000	0.0152587890625	-0.0435791015625	-0.70709228515625
Nexus5x05	1767610190000	0.01556396484375	-0.0430908203125	-0.70709228515625
Nexus5x05	1767615190000	0.01513671875	-0.0433349609375	-0.70709228515625
Nexus5x05	1767620107000	0.01513671875	-0.04345703125	-0.70709228515625
Nexus5x05	1767625107000	0.01556396484375	-0.042724609375	-0.7071533203125
Nexus5x05	1767630109000	0.015625	-0.043701171875	-0.70709228515625
Nexus5x05	1767635109000	0.0159912109375	-0.04296875	-0.70721435546875
Nexus5x05	1767640015000	0.01641845703125	-0.04205322265625	-0.707275390625
Nexus5x05	1767645015000	0.01629638671875	-0.0413818359375	-0.70733642578125
Nexus5x05	1767650024000	0.01654052734375	-0.04095458984375	-0.70733642578125
Nexus5x05	1767654984000	0.01654052734375	-0.041259765625	-0.70733642578125
Nexus5x05	1767660026000	0.01611328125	-0.041748046875	-0.70733642578125
Nexus5x05	1767664986000	0.01654052734375	-0.04278564453125	-0.70733642578125
Nexus5x05	1767670128000	0.01654052734375	-0.0430908203125	-0.707275390625
Nexus5x05	1767675088000	0.01727294921875	-0.04290771484375	-0.7073974609375
Nexus5x05	1767680129000	0.0167236328125	-0.0423583984375	-0.7073974609375
Nexus5x05	1767685089000	0.01678466796875	-0.042236328125	-0.70745849609375
Nexus5x05	1767690128000	0.01739501953125	-0.04180908203125	-0.70745849609375
Nexus5x05	1767695088000	0.0179443359375	-0.04205322265625	-0.7073974609375
Nexus5x05	1767700187000	0.0169677734375	-0.04205322265625	-0.7073974609375
Nexus5x05	1767705147000	0.0159912109375	-0.04229736328125	-0.7073974609375
Nexus5x05	1767710172000	0.0146484375	-0.04315185546875	-0.7073974609375
Nexus5x05	1767715132000	0.01556396484375	-0.0426025390625	-0.70745849609375
Nexus5x05	1767720267000	0.0162353515625	-0.04254150390625	-0.70745849609375
Nexus5x05	1767725227000	0.0157470703125	-0.0428466796875	-0.70745849609375
Nexus5x05	1767730350000	0.015380859375	-0.04296875	-0.70745849609375
Nexus5x05	1767735310000	0.0155029296875	-0.04290771484375	-0.70745849609375
Nexus5x05	1767740282000	0.0157470703125	-0.04248046875	-0.70745849609375
Nexus5x05	1767745242000	0.01617431640625	-0.041748046875	-0.70745849609375
Nexus5x05	1767750314000	0.01593017578125	-0.04193115234375	-0.70745849609375
Nexus5x05	1767755274000	0.01519775390625	-0.043212890625	-0.7073974609375
Nexus5x05	1767760152000	0.01568603515625	-0.04290771484375	-0.70745849609375
Nexus5x05	1767765180000	0.01611328125	-0.0416259765625	-0.70751953125
Nexus5x05	1767770180000	0.016357421875	-0.0413818359375	-0.70751953125
Nexus5x05	1767775328000	0.01605224609375	-0.04241943359375	-0.70751953125
Nexus5x05	1767780328000	0.01580810546875	-0.04376220703125	-0.70745849609375
Nexus5x05	1767785357000	0.0159912109375	-0.04376220703125	-0.70745849609375
Nexus5x05	1767790357000	0.015869140625	-0.0430908203125	-0.70751953125
Nexus5x05	1767795430000	0.0162353515625	-0.042724609375	-0.70751953125
Nexus5x05	1767800430000	0.01641845703125	-0.04254150390625	-0.70758056640625
Nexus5x05	1767805435000	0.01611328125	-0.04290771484375	-0.70751953125
Nexus5x05	1767810692000	0.01617431640625	-0.0430908203125	-0.70751953125
Nexus5x05	1767815735000	0.01617431640625	-0.043701171875	-0.70751953125
Nexus5x05	1767820735000	0.01629638671875	-0.04388427734375	-0.70751953125
Nexus5x05	1767825804000	0.0164794921875	-0.04351806640625	-0.70758056640625
Nexus5x05	1767830804000	0.01629638671875	-0.0435791015625	-0.70758056640625
Nexus5x05	1767835796000	0.016357421875	-0.0435791015625	-0.70758056640625
Nexus5x05	1767840796000	0.0159912109375	-0.043212890625	-0.70758056640625
Nexus5x05	1767845829000	0.0166015625	-0.0430908203125	-0.7076416015625
Nexus5x05	1767850829000	0.0164794921875	-0.043701171875	-0.70758056640625
Nexus5x05	1767855892000	0.015625	-0.04412841796875	-0.70758056640625
Nexus5x05	1767860892000	0.01611328125	-0.0440673828125	-0.70758056640625
Nexus5x05	1767865845000	0.01666259765625	-0.04327392578125	-0.7076416015625
Nexus5x05	1767870843000	0.0172119140625	-0.0430908203125	-0.7076416015625
Nexus5x05	1767875725000	0.01776123046875	-0.04345703125	-0.7076416015625
Nexus5x05	1767880725000	0.01837158203125	-0.04327392578125	-0.7076416015625
Nexus5x05	1767885697000	0.01763916015625	-0.0433349609375	-0.7076416015625
Nexus5x05	1767890697000	0.017578125	-0.04278564453125	-0.70770263671875
Nexus5x05	1767895682000	0.017578125	-0.0426025390625	-0.70770263671875
Nexus5x05	1767900682000	0.01751708984375	-0.0423583984375	-0.70770263671875
Nexus5x05	1767905696000	0.01727294921875	-0.04132080078125	-0.707763671875
Nexus5x05	1767910695000	0.01654052734375	-0.04107666015625	-0.70782470703125
Nexus5x05	1767915757000	0.01654052734375	-0.040283203125	-0.70782470703125
Nexus5x05	1767920757000	0.01580810546875	-0.040771484375	-0.7078857421875
Nexus5x05	1767925755000	0.01483154296875	-0.04168701171875	-0.70794677734375
Nexus5x05	1767930755000	0.0150146484375	-0.041015625	-0.7078857421875
Nexus5x05	1767935903000	0.016357421875	-0.041015625	-0.7078857421875
Nexus5x05	1767940903000	0.01666259765625	-0.0413818359375	-0.7078857421875
Nexus5x05	1767945917000	0.016845703125	-0.04229736328125	-0.70782470703125
Nexus5x05	1767950917000	0.01629638671875	-0.04248046875	-0.70782470703125
Nexus5x05	1767955892000	0.0159912109375	-0.0426025390625	-0.707763671875
Nexus5x05	1767960892000	0.0157470703125	-0.0426025390625	-0.707763671875
Nexus5x05	1767965820000	0.01519775390625	-0.04266357421875	-0.707763671875
Nexus5x05	1767970820000	0.0162353515625	-0.0433349609375	-0.70782470703125
Nexus5x05	1767975741000	0.0167236328125	-0.0438232421875	-0.70782470703125
Nexus5x05	1767980701000	0.01702880859375	-0.04364013671875	-0.7078857421875
Nexus5x05	1767985661000	0.01654052734375	-0.04327392578125	-0.7078857421875
Nexus5x05	1767990621000	0.015869140625	-0.042724609375	-0.7078857421875
Nexus5x05	1767995584000	0.01629638671875	-0.0426025390625	-0.7078857421875
Nexus5x05	1768000544000	0.0164794921875	-0.0426025390625	-0.70794677734375
Nexus5x05	1768005544000	0.01666259765625	-0.04193115234375	-0.70794677734375
Nexus5x05	1768010504000	0.0167236328125	-0.04217529296875	-0.70794677734375
Nexus5x05	1768015446000	0.0172119140625	-0.04205322265625	-0.7080078125
Nexus5x05	1768020406000	0.016845703125	-0.040771484375	-0.7081298828125
Nexus5x05	1768025352000	0.01702880859375	-0.04052734375	-0.7081298828125
Nexus5x05	1768030312000	0.01617431640625	-0.04052734375	-0.70819091796875
Nexus5x05	1768035426000	0.01605224609375	-0.04119873046875	-0.70819091796875
Nexus5x05	1768040386000	0.01605224609375	-0.04205322265625	-0.70819091796875
Nexus5x05	1768045307000	0.01605224609375	-0.04266357421875	-0.70819091796875
Nexus5x05	1768050267000	0.01629638671875	-0.04315185546875	-0.70819091796875
Nexus5x05	1768055289000	0.01666259765625	-0.04412841796875	-0.70819091796875
Nexus5x05	1768060249000	0.0164794921875	-0.0447998046875	-0.7081298828125
Nexus5x05	1768065198000	0.0164794921875	-0.04400634765625	-0.70819091796875
Nexus5x05	1768070158000	0.0167236328125	-0.04302978515625	-0.708251953125
Nexus5x05	1768075353000	0.01666259765625	-0.0428466796875	-0.70831298828125
Nexus5x05	1768080313000	0.0167236328125	-0.04254150390625	-0.70831298828125
Nexus5x05	1768085368000	0.01666259765625	-0.0419921875	-0.7083740234375
Nexus5x05	1768090328000	0.01678466796875	-0.0423583984375	-0.7083740234375
Nexus5x05	1768095364000	0.01690673828125	-0.04248046875	-0.7083740234375
Nexus5x05	1768100368000	0.0162353515625	-0.0421142578125	-0.7083740234375
Nexus5x05	1768105368000	0.0150146484375	-0.04193115234375	-0.70843505859375
Nexus5x05	1768110279000	0.0145263671875	-0.04217529296875	-0.70843505859375
Nexus5x05	1768115279000	0.0147705078125	-0.04315185546875	-0.70849609375
Nexus5x05	1768120303000	0.01513671875	-0.04315185546875	-0.70855712890625
Nexus5x05	1768125303000	0.01556396484375	-0.04254150390625	-0.7086181640625
Nexus5x05	1768130306000	0.01629638671875	-0.0426025390625	-0.7086181640625
Nexus5x05	1768135306000	0.01666259765625	-0.04248046875	-0.7086181640625
Nexus5x05	1768140380000	0.0167236328125	-0.0416259765625	-0.708740234375
Nexus5x05	1768145380000	0.0166015625	-0.041748046875	-0.708740234375
Nexus5x05	1768150376000	0.0169677734375	-0.04254150390625	-0.70867919921875
Nexus5x05	1768155282000	0.01678466796875	-0.04241943359375	-0.70867919921875
Nexus5x05	1768160270000	0.0166015625	-0.04180908203125	-0.708740234375
Nexus5x05	1768165270000	0.0166015625	-0.04168701171875	-0.708740234375
Nexus5x05	1768170279000	0.0164794921875	-0.04168701171875	-0.70880126953125
Nexus5x05	1768175279000	0.0164794921875	-0.0416259765625	-0.70880126953125
Nexus5x05	1768180196000	0.01654052734375	-0.04150390625	-0.70880126953125
Nexus5x05	1768185196000	0.01666259765625	-0.04150390625	-0.70880126953125
Nexus5x05	1768190186000	0.0169677734375	-0.04144287109375	-0.70880126953125
Nexus5x05	1768195186000	0.0166015625	-0.04168701171875	-0.70880126953125
Nexus5x05	1768200181000	0.01580810546875	-0.041259765625	-0.70880126953125
Nexus5x05	1768205181000	0.015869140625	-0.0419921875	-0.70880126953125
Nexus5x05	1768210188000	0.0162353515625	-0.042236328125	-0.7088623046875
Nexus5x05	1768215188000	0.0167236328125	-0.0419921875	-0.7088623046875
Nexus5x05	1768220194000	0.01702880859375	-0.04248046875	-0.7088623046875
Nexus5x05	1768225194000	0.01690673828125	-0.04266357421875	-0.7088623046875
Nexus5x05	1768230194000	0.01605224609375	-0.0428466796875	-0.70880126953125
Nexus5x05	1768235194000	0.0155029296875	-0.042236328125	-0.70880126953125
Nexus5x05	1768240161000	0.0159912109375	-0.041259765625	-0.708740234375
Nexus5x05	1768245174000	0.0157470703125	-0.0416259765625	-0.70880126953125
Nexus5x05	1768250362000	0.01531982421875	-0.04205322265625	-0.70880126953125
Nexus5x05	1768255362000	0.0145263671875	-0.0419921875	-0.70880126953125
Nexus5x05	1768260501000	0.013916015625	-0.0426025390625	-0.70880126953125
Nexus5x05	1768265501000	0.01446533203125	-0.0423583984375	-0.7088623046875
Nexus5x05	1768270570000	0.01568603515625	-0.04144287109375	-0.70892333984375
Nexus5x05	1768275570000	0.016357421875	-0.041748046875	-0.7088623046875
Nexus5x05	1768280669000	0.01708984375	-0.04144287109375	-0.70892333984375
Nexus5x05	1768285669000	0.0164794921875	-0.04119873046875	-0.708984375
Nexus5x05	1768290841000	0.015869140625	-0.0423583984375	-0.7088623046875
Nexus5x05	1768295841000	0.01470947265625	-0.04205322265625	-0.70880126953125
Nexus5x05	1768300757000	0.01544189453125	-0.04150390625	-0.70880126953125
Nexus5x05	1768305761000	0.01531982421875	-0.04144287109375	-0.70880126953125
Nexus5x05	1768310738000	0.015380859375	-0.042236328125	-0.70880126953125
Nexus5x05	1768315698000	0.015625	-0.0426025390625	-0.70880126953125
Nexus5x05	1768320782000	0.0152587890625	-0.04193115234375	-0.70880126953125
Nexus5x05	1768325742000	0.01531982421875	-0.04254150390625	-0.70880126953125
Nexus5x05	1768330798000	0.01507568359375	-0.04156494140625	-0.7088623046875
Nexus5x05	1768335758000	0.01483154296875	-0.04132080078125	-0.7088623046875
Nexus5x05	1768340835000	0.015380859375	-0.04180908203125	-0.7088623046875
Nexus5x05	1768345795000	0.01495361328125	-0.04241943359375	-0.70880126953125
Nexus5x05	1768350932000	0.0145263671875	-0.042724609375	-0.70880126953125
Nexus5x05	1768355892000	0.0147705078125	-0.0423583984375	-0.70880126953125
Nexus5x05	1768360937000	0.015380859375	-0.0428466796875	-0.7088623046875
Nexus5x05	1768365897000	0.0157470703125	-0.04351806640625	-0.70880126953125
Nexus5x05	1768370893000	0.0159912109375	-0.042724609375	-0.70892333984375
Nexus5x05	1768375853000	0.0162353515625	-0.041748046875	-0.70904541015625
Nexus5x05	1768380812000	0.01690673828125	-0.0419921875	-0.708984375
Nexus5x05	1768385772000	0.0179443359375	-0.0418701171875	-0.708984375
Nexus5x05	1768390719000	0.0177001953125	-0.04217529296875	-0.70892333984375
Nexus5x05	1768395679000	0.01708984375	-0.0421142578125	-0.70892333984375
Nexus5x05	1768400738000	0.0162353515625	-0.04254150390625	-0.70892333984375
Nexus5x05	1768405698000	0.0159912109375	-0.04278564453125	-0.70892333984375
Nexus5x05	1768410511000	0.0162353515625	-0.04241943359375	-0.70892333984375
Nexus5x05	1768415471000	0.0162353515625	-0.0413818359375	-0.708984375
Nexus5x05	1768420369000	0.01593017578125	-0.04180908203125	-0.708984375
Nexus5x05	1768425329000	0.015869140625	-0.042236328125	-0.708984375
Nexus5x05	1768430273000	0.0159912109375	-0.04296875	-0.708984375
Nexus5x05	1768435233000	0.016357421875	-0.04327392578125	-0.70904541015625
Nexus5x05	1768440277000	0.01605224609375	-0.04302978515625	-0.70904541015625
Nexus5x05	1768445217000	0.01593017578125	-0.04290771484375	-0.70904541015625
Nexus5x05	1768450307000	0.01629638671875	-0.04290771484375	-0.70904541015625
Nexus5x05	1768455224000	0.01641845703125	-0.04290771484375	-0.7091064453125
Nexus5x05	1768460290000	0.01629638671875	-0.0426025390625	-0.7091064453125
Nexus5x05	1768465294000	0.015869140625	-0.04241943359375	-0.7091064453125
Nexus5x05	1768470386000	0.015625	-0.04168701171875	-0.7091064453125
Nexus5x05	1768475514000	0.01531982421875	-0.04144287109375	-0.70916748046875
Nexus5x05	1768480514000	0.01531982421875	-0.0416259765625	-0.70916748046875
Nexus5x05	1768485624000	0.01605224609375	-0.04241943359375	-0.70916748046875
Nexus5x05	1768490624000	0.0157470703125	-0.04345703125	-0.7091064453125
Nexus5x05	1768495609000	0.0155029296875	-0.04364013671875	-0.70904541015625
Nexus5x05	1768500609000	0.0159912109375	-0.04400634765625	-0.7091064453125
Nexus5x05	1768505633000	0.01605224609375	-0.04449462890625	-0.7091064453125
Nexus5x05	1768510633000	0.01593017578125	-0.0443115234375	-0.7091064453125
Nexus5x05	1768515504000	0.015869140625	-0.0438232421875	-0.7091064453125
Nexus5x05	1768520504000	0.01580810546875	-0.04400634765625	-0.7091064453125
Nexus5x05	1768525384000	0.01513671875	-0.04461669921875	-0.70904541015625
Nexus5x05	1768530384000	0.01470947265625	-0.0440673828125	-0.708984375
Nexus5x05	1768535460000	0.0147705078125	-0.04351806640625	-0.708984375
Nexus5x05	1768540460000	0.0159912109375	-0.043212890625	-0.708984375
Nexus5x05	1768545368000	0.0167236328125	-0.0423583984375	-0.70904541015625
Nexus5x05	1768550368000	0.01727294921875	-0.0423583984375	-0.70904541015625
Nexus5x05	1768555276000	0.01678466796875	-0.04327392578125	-0.7088623046875
Nexus5x05	1768560276000	0.0159912109375	-0.04339599609375	-0.7088623046875
Nexus5x05	1768565277000	0.01690673828125	-0.043212890625	-0.7088623046875
Nexus5x05	1768570277000	0.01666259765625	-0.04278564453125	-0.70892333984375
Nexus5x05	1768575242000	0.0162353515625	-0.04241943359375	-0.708984375
Nexus5x05	1768580242000	0.0155029296875	-0.04266357421875	-0.708984375
Nexus5x05	1768585155000	0.01531982421875	-0.0423583984375	-0.708984375
Nexus5x05	1768590155000	0.01483154296875	-0.04302978515625	-0.70904541015625
Nexus5x05	1768595283000	0.01416015625	-0.0438232421875	-0.70904541015625
Nexus5x05	1768600283000	0.01513671875	-0.04241943359375	-0.70904541015625
Nexus5x05	1768605312000	0.01568603515625	-0.0435791015625	-0.708984375
Nexus5x05	1768610312000	0.01568603515625	-0.0439453125	-0.70892333984375
Nexus5x05	1768615325000	0.014892578125	-0.0439453125	-0.7088623046875
Nexus5x05	1768620325000	0.01495361328125	-0.04345703125	-0.7088623046875
Nexus5x05	1768625247000	0.015869140625	-0.04278564453125	-0.70892333984375
Nexus5x05	1768630207000	0.01483154296875	-0.04266357421875	-0.708984375
Nexus5x05	1768635172000	0.01507568359375	-0.04168701171875	-0.708984375
Nexus5x05	1768640132000	0.01519775390625	-0.04119873046875	-0.708984375
Nexus5x05	1768645264000	0.01513671875	-0.04144287109375	-0.708984375
Nexus5x05	1768650224000	0.01519775390625	-0.04132080078125	-0.708984375
Nexus5x05	1768655346000	0.01513671875	-0.04150390625	-0.708984375
Nexus5x05	1768660306000	0.01544189453125	-0.0423583984375	-0.70892333984375
Nexus5x05	1768665497000	0.0159912109375	-0.0419921875	-0.70904541015625
Nexus5x05	1768670457000	0.01611328125	-0.0426025390625	-0.708984375
Nexus5x05	1768675408000	0.015869140625	-0.04278564453125	-0.70892333984375
Nexus5x05	1768680368000	0.01629638671875	-0.04290771484375	-0.708984375
Nexus5x05	1768685588000	0.0166015625	-0.0423583984375	-0.70904541015625
Nexus5x05	1768690548000	0.01605224609375	-0.04254150390625	-0.70904541015625
Nexus5x05	1768695590000	0.01580810546875	-0.0430908203125	-0.70904541015625
Nexus5x05	1768700550000	0.0155029296875	-0.0435791015625	-0.708984375
Nexus5x05	1768705505000	0.01544189453125	-0.043212890625	-0.708984375
Nexus5x05	1768710465000	0.01507568359375	-0.042724609375	-0.708984375
Nexus5x05	1768715439000	0.01531982421875	-0.0426025390625	-0.708984375
Nexus5x05	1768720399000	0.015869140625	-0.04229736328125	-0.708984375
Nexus5x05	1768725396000	0.01617431640625	-0.0430908203125	-0.70892333984375
Nexus5x05	1768730356000	0.015380859375	-0.04315185546875	-0.7088623046875
Nexus5x05	1768735303000	0.01568603515625	-0.04327392578125	-0.7088623046875
Nexus5x05	1768740263000	0.01641845703125	-0.0433349609375	-0.7088623046875
Nexus5x05	1768745243000	0.01690673828125	-0.04339599609375	-0.7088623046875
Nexus5x05	1768750203000	0.01702880859375	-0.043212890625	-0.7088623046875
Nexus5x05	1768755191000	0.0172119140625	-0.0426025390625	-0.70892333984375
Nexus5x05	1768760151000	0.0166015625	-0.0419921875	-0.708984375
Nexus5x05	1768765286000	0.01629638671875	-0.042236328125	-0.708984375
Nexus5x05	1768770471000	0.01611328125	-0.04241943359375	-0.708984375
Nexus5x05	1768775471000	0.01580810546875	-0.04229736328125	-0.70904541015625
Nexus5x05	1768780543000	0.015625	-0.04241943359375	-0.70904541015625
Nexus5x05	1768785632000	0.0155029296875	-0.04266357421875	-0.70904541015625
Nexus5x05	1768790655000	0.0152587890625	-0.0428466796875	-0.70904541015625
Nexus5x05	1768795655000	0.015625	-0.04278564453125	-0.70904541015625
Nexus5x05	1768800701000	0.0155029296875	-0.04266357421875	-0.7091064453125
Nexus5x05	1768805701000	0.01544189453125	-0.04241943359375	-0.7091064453125
Nexus5x05	1768810716000	0.01617431640625	-0.04241943359375	-0.7091064453125
Nexus5x05	1768815698000	0.01611328125	-0.0428466796875	-0.7091064453125
Nexus5x05	1768820657000	0.0162353515625	-0.042724609375	-0.7091064453125
Nexus5x05	1768825660000	0.01611328125	-0.04278564453125	-0.7091064453125
Nexus5x05	1768830685000	0.01593017578125	-0.04296875	-0.7091064453125
Nexus5x05	1768835685000	0.01605224609375	-0.04296875	-0.70916748046875
Nexus5x05	1768840722000	0.01544189453125	-0.043212890625	-0.7091064453125
Nexus5x05	1768845722000	0.0150146484375	-0.04376220703125	-0.7091064453125
Nexus5x05	1768850761000	0.01519775390625	-0.04400634765625	-0.7091064453125
Nexus5x05	1768855761000	0.0157470703125	-0.04425048828125	-0.70916748046875
Nexus5x05	1768860905000	0.01617431640625	-0.044189453125	-0.709228515625
Nexus5x05	1768865905000	0.015869140625	-0.04351806640625	-0.709228515625
Nexus5x05	1768870959000	0.01605224609375	-0.0439453125	-0.709228515625
Nexus5x05	1768875959000	0.0166015625	-0.04412841796875	-0.70928955078125
Nexus5x05	1768880912000	0.0164794921875	-0.043212890625	-0.7093505859375
Nexus5x05	1768885912000	0.01611328125	-0.0433349609375	-0.7093505859375
Nexus5x05	1768890837000	0.0157470703125	-0.0433349609375	-0.7093505859375
Nexus5x05	1768895837000	0.015380859375	-0.0433349609375	-0.7093505859375
Nexus5x05	1768900853000	0.01580810546875	-0.04364013671875	-0.7093505859375
Nexus5x05	1768905760000	0.01507568359375	-0.0430908203125	-0.7093505859375
Nexus5x05	1768910757000	0.0150146484375	-0.04302978515625	-0.7093505859375
Nexus5x05	1768915757000	0.01531982421875	-0.04388427734375	-0.7093505859375
Nexus5x05	1768920611000	0.0147705078125	-0.04351806640625	-0.7093505859375
Nexus5x05	1768925611000	0.015869140625	-0.04351806640625	-0.70941162109375
Nexus5x05	1768930421000	0.01605224609375	-0.04376220703125	-0.70941162109375
Nexus5x05	1768935421000	0.01519775390625	-0.04400634765625	-0.7093505859375
Nexus5x05	1768940330000	0.015380859375	-0.0443115234375	-0.7093505859375
Nexus5x05	1768945330000	0.0150146484375	-0.044189453125	-0.7093505859375
Nexus5x05	1768950225000	0.014892578125	-0.04364013671875	-0.7093505859375
Nexus5x05	1768955225000	0.015625	-0.04296875	-0.70941162109375
Nexus5x05	1768960171000	0.01580810546875	-0.04339599609375	-0.7093505859375
Nexus5x05	1768965131000	0.0155029296875	-0.043212890625	-0.70941162109375
Nexus5x05	1768970109000	0.0145263671875	-0.04437255859375	-0.7093505859375
Nexus5x05	1768975069000	0.014404296875	-0.04412841796875	-0.7093505859375
Nexus5x05	1768980114000	0.01519775390625	-0.04364013671875	-0.7093505859375
Nexus5x05	1768985074000	0.01593017578125	-0.04388427734375	-0.7093505859375
Nexus5x05	1768990195000	0.015380859375	-0.04364013671875	-0.7093505859375
Nexus5x05	1768995155000	0.01568603515625	-0.0428466796875	-0.70941162109375
Nexus5x05	1769000308000	0.01593017578125	-0.04327392578125	-0.70941162109375
Nexus5x05	1769005268000	0.01593017578125	-0.043212890625	-0.70941162109375
Nexus5x05	1769010303000	0.01611328125	-0.04315185546875	-0.70941162109375
Nexus5x05	1769015263000	0.0164794921875	-0.04315185546875	-0.70941162109375
Nexus5x05	1769020291000	0.01611328125	-0.04254150390625	-0.70947265625
Nexus5x05	1769025251000	0.01617431640625	-0.04290771484375	-0.70947265625
Nexus5x05	1769030281000	0.0169677734375	-0.04266357421875	-0.70947265625
Nexus5x05	1769035241000	0.01666259765625	-0.04168701171875	-0.7095947265625
Nexus5x05	1769040343000	0.01629638671875	-0.04180908203125	-0.7095947265625
Nexus5x05	1769045303000	0.01580810546875	-0.0419921875	-0.70965576171875
Nexus5x05	1769050341000	0.01568603515625	-0.0423583984375	-0.70965576171875
Nexus5x05	1769055301000	0.015625	-0.04296875	-0.70965576171875
Nexus5x05	1769060341000	0.01531982421875	-0.042724609375	-0.70965576171875
Nexus5x05	1769065301000	0.0155029296875	-0.04180908203125	-0.70965576171875
Nexus5x05	1769070239000	0.01568603515625	-0.0421142578125	-0.70965576171875
Nexus5x05	1769075199000	0.01568603515625	-0.0430908203125	-0.70965576171875
Nexus5x05	1769080236000	0.0150146484375	-0.0435791015625	-0.7095947265625
Nexus5x05	1769085196000	0.01507568359375	-0.04278564453125	-0.7095947265625
Nexus5x05	1769090327000	0.01507568359375	-0.04217529296875	-0.7095947265625
Nexus5x05	1769095287000	0.0146484375	-0.04217529296875	-0.7095947265625
Nexus5x05	1769100242000	0.01483154296875	-0.04205322265625	-0.7095947265625
Nexus5x05	1769105162000	0.015380859375	-0.04248046875	-0.70965576171875
Nexus5x05	1769110162000	0.01556396484375	-0.0435791015625	-0.7095947265625
Nexus5x05	1769115270000	0.01568603515625	-0.0439453125	-0.7095947265625
Nexus5x05	1769120146000	0.01666259765625	-0.04425048828125	-0.70965576171875
Nexus5x05	1769125236000	0.0174560546875	-0.04443359375	-0.709716796875
Nexus5x05	1769130236000	0.0174560546875	-0.0440673828125	-0.70977783203125
Nexus5x05	1769135234000	0.01654052734375	-0.0440673828125	-0.70977783203125
Nexus5x05	1769140234000	0.01605224609375	-0.043701171875	-0.70977783203125
Nexus5x05	1769145144000	0.015869140625	-0.04296875	-0.70977783203125
Nexus5x05	1769150099000	0.0152587890625	-0.042724609375	-0.70977783203125
Nexus5x05	1769155189000	0.0145263671875	-0.04339599609375	-0.7098388671875
Nexus5x05	1769160189000	0.01409912109375	-0.043701171875	-0.7098388671875
Nexus5x05	1769165113000	0.01422119140625	-0.043701171875	-0.70989990234375
Nexus5x05	1769170113000	0.01422119140625	-0.04400634765625	-0.70989990234375
Nexus5x05	1769175021000	0.01513671875	-0.0433349609375	-0.7099609375
Nexus5x05	1769180021000	0.015869140625	-0.04290771484375	-0.71002197265625
Nexus5x05	1769185023000	0.01593017578125	-0.042724609375	-0.71002197265625
Nexus5x05	1769190023000	0.0155029296875	-0.0433349609375	-0.7099609375
Nexus5x05	1769195127000	0.0155029296875	-0.04254150390625	-0.71002197265625
Nexus5x05	1769200127000	0.01507568359375	-0.0426025390625	-0.71002197265625
Nexus5x05	1769205128000	0.01483154296875	-0.043212890625	-0.71002197265625
Nexus5x05	1769210164000	0.01519775390625	-0.04193115234375	-0.71002197265625
Nexus5x05	1769215163000	0.0159912109375	-0.0419921875	-0.71002197265625
Nexus5x05	1769220163000	0.0159912109375	-0.0418701171875	-0.71002197265625
Nexus5x05	1769225135000	0.01611328125	-0.04266357421875	-0.7099609375
Nexus5x05	1769230135000	0.01568603515625	-0.04339599609375	-0.70989990234375
Nexus5x05	1769235174000	0.0146484375	-0.044189453125	-0.70977783203125
Nexus5x05	1769240174000	0.0142822265625	-0.0443115234375	-0.70977783203125
Nexus5x05	1769245175000	0.01361083984375	-0.04443359375	-0.709716796875
Nexus5x05	1769250175000	0.0146484375	-0.0438232421875	-0.70977783203125
Nexus5x05	1769255049000	0.01470947265625	-0.04339599609375	-0.70977783203125
Nexus5x05	1769260049000	0.0150146484375	-0.04302978515625	-0.70977783203125
Nexus5x05	1769265090000	0.0147705078125	-0.04364013671875	-0.70977783203125
Nexus5x05	1769270090000	0.0157470703125	-0.04296875	-0.7098388671875
Nexus5x05	1769275230000	0.01531982421875	-0.04266357421875	-0.70989990234375
Nexus5x05	1769280230000	0.01519775390625	-0.04254150390625	-0.7099609375
Nexus5x05	1769285326000	0.0152587890625	-0.04205322265625	-0.7099609375
Nexus5x05	1769290286000	0.0152587890625	-0.04278564453125	-0.7099609375
Nexus5x05	1769295345000	0.015869140625	-0.04241943359375	-0.7099609375
Nexus5x05	1769300305000	0.0152587890625	-0.04205322265625	-0.71002197265625
Nexus5x05	1769305488000	0.014404296875	-0.042724609375	-0.71002197265625
Nexus5x05	1769310448000	0.0147705078125	-0.04345703125	-0.7100830078125
Nexus5x05	1769315798000	0.01544189453125	-0.04278564453125	-0.710205078125
Nexus5x05	1769320758000	0.01580810546875	-0.042236328125	-0.710205078125
Nexus5x05	1769325844000	0.01556396484375	-0.04278564453125	-0.710205078125
Nexus5x05	1769330804000	0.0159912109375	-0.0433349609375	-0.71014404296875
Nexus5x05	1769335817000	0.01690673828125	-0.0430908203125	-0.71026611328125
Nexus5x05	1769340777000	0.01580810546875	-0.04150390625	-0.71044921875
Nexus5x05	1769345799000	0.01580810546875	-0.041015625	-0.71051025390625
Nexus5x05	1769350759000	0.0157470703125	-0.0419921875	-0.71051025390625
Nexus5x05	1769355929000	0.0164794921875	-0.0419921875	-0.71051025390625
Nexus5x05	1769360889000	0.01678466796875	-0.04205322265625	-0.71051025390625
Nexus5x05	1769365909000	0.01708984375	-0.042236328125	-0.71051025390625
Nexus5x05	1769370869000	0.01715087890625	-0.042236328125	-0.71051025390625
Nexus5x05	1769375880000	0.01763916015625	-0.043212890625	-0.71044921875
Nexus5x05	1769380840000	0.0172119140625	-0.04339599609375	-0.71038818359375
Nexus5x05	1769385787000	0.01641845703125	-0.04296875	-0.7103271484375
Nexus5x05	1769390747000	0.01605224609375	-0.04296875	-0.7103271484375
Nexus5x05	1769395849000	0.015869140625	-0.04248046875	-0.7103271484375
Nexus5x05	1769400809000	0.01593017578125	-0.04205322265625	-0.7103271484375
Nexus5x05	1769405775000	0.01593017578125	-0.04205322265625	-0.7103271484375
Nexus5x05	1769410769000	0.01611328125	-0.04193115234375	-0.7103271484375
Nexus5x05	1769415769000	0.0164794921875	-0.0419921875	-0.7103271484375
Nexus5x05	1769420698000	0.0166015625	-0.04205322265625	-0.7103271484375
Nexus5x05	1769425697000	0.016845703125	-0.04248046875	-0.71026611328125
Nexus5x05	1769430697000	0.01702880859375	-0.04339599609375	-0.71026611328125
Nexus5x05	1769435622000	0.01641845703125	-0.04400634765625	-0.71014404296875
Nexus5x05	1769440622000	0.01617431640625	-0.0439453125	-0.7100830078125
Nexus5x05	1769445576000	0.016845703125	-0.04327392578125	-0.710205078125
Nexus5x05	1769450461000	0.01702880859375	-0.0433349609375	-0.71014404296875
Nexus5x05	1769455461000	0.0164794921875	-0.043212890625	-0.71014404296875
Nexus5x05	1769460460000	0.0159912109375	-0.0428466796875	-0.710205078125
Nexus5x05	1769465460000	0.01544189453125	-0.04266357421875	-0.710205078125
Nexus5x05	1769470369000	0.01495361328125	-0.042724609375	-0.710205078125
Nexus5x05	1769475369000	0.0147705078125	-0.0433349609375	-0.71026611328125
Nexus5x05	1769480463000	0.01446533203125	-0.04302978515625	-0.710205078125
Nexus5x05	1769485371000	0.01416015625	-0.04278564453125	-0.710205078125
Nexus5x05	1769490369000	0.01409912109375	-0.04254150390625	-0.710205078125
Nexus5x05	1769495369000	0.014404296875	-0.042724609375	-0.710205078125
Nexus5x05	1769500277000	0.01470947265625	-0.0421142578125	-0.71026611328125
Nexus5x05	1769505277000	0.01513671875	-0.04205322265625	-0.710205078125
Nexus5x05	1769510331000	0.0152587890625	-0.04156494140625	-0.71026611328125
Nexus5x05	1769515331000	0.01495361328125	-0.04193115234375	-0.71026611328125
Nexus5x05	1769520456000	0.01513671875	-0.0423583984375	-0.71026611328125
Nexus5x05	1769525456000	0.01544189453125	-0.0416259765625	-0.7103271484375
Nexus5x05	1769530450000	0.0150146484375	-0.04217529296875	-0.71026611328125
Nexus5x05	1769535450000	0.01470947265625	-0.04302978515625	-0.71026611328125
Nexus5x05	1769540443000	0.01593017578125	-0.04315185546875	-0.71038818359375
Nexus5x05	1769545444000	0.0169677734375	-0.04248046875	-0.71063232421875
Nexus5x05	1769550402000	0.01806640625	-0.0426025390625	-0.7105712890625
Nexus5x05	1769555402000	0.01788330078125	-0.0428466796875	-0.71051025390625
Nexus5x05	1769560404000	0.01715087890625	-0.04351806640625	-0.71038818359375
Nexus5x05	1769565404000	0.016845703125	-0.04388427734375	-0.7103271484375
Nexus5x05	1769570404000	0.01678466796875	-0.04290771484375	-0.71038818359375
Nexus5x05	1769575404000	0.01605224609375	-0.0439453125	-0.7103271484375
Nexus5x05	1769580443000	0.0157470703125	-0.0445556640625	-0.71038818359375
Nexus5x05	1769585353000	0.0150146484375	-0.04498291015625	-0.7103271484375
Nexus5x05	1769590377000	0.01470947265625	-0.04510498046875	-0.71026611328125
Nexus5x05	1769595377000	0.0140380859375	-0.0450439453125	-0.710205078125
Nexus5x05	1769600340000	0.01422119140625	-0.04486083984375	-0.710205078125
Nexus5x05	1769605340000	0.01470947265625	-0.04339599609375	-0.71014404296875
Nexus5x05	1769610342000	0.01513671875	-0.04296875	-0.71014404296875
Nexus5x05	1769615342000	0.01556396484375	-0.04217529296875	-0.71014404296875
Nexus5x05	1769620277000	0.015625	-0.04193115234375	-0.710205078125
Nexus5x05	1769625237000	0.015625	-0.0423583984375	-0.71014404296875
Nexus5x05	1769630191000	0.01580810546875	-0.04217529296875	-0.71014404296875
Nexus5x05	1769635151000	0.016357421875	-0.04144287109375	-0.71014404296875
Nexus5x05	1769640246000	0.01617431640625	-0.04095458984375	-0.71026611328125
Nexus5x05	1769645206000	0.0155029296875	-0.0416259765625	-0.71026611328125
Nexus5x05	1769650155000	0.016357421875	-0.042724609375	-0.71026611328125
Nexus5x05	1769655115000	0.0167236328125	-0.0428466796875	-0.7103271484375
Nexus5x05	1769660156000	0.01531982421875	-0.04351806640625	-0.7100830078125
Nexus5x05	1769665116000	0.01617431640625	-0.04345703125	-0.710205078125
Nexus5x05	1769670051000	0.0164794921875	-0.04339599609375	-0.71026611328125
Nexus5x05	1769675011000	0.01641845703125	-0.0418701171875	-0.71038818359375
Nexus5x05	1769680140000	0.0167236328125	-0.04119873046875	-0.71044921875
Nexus5x05	1769685100000	0.0169677734375	-0.0418701171875	-0.7103271484375
Nexus5x05	1769690142000	0.0162353515625	-0.0418701171875	-0.71038818359375
Nexus5x05	1769695102000	0.0157470703125	-0.0421142578125	-0.71038818359375
Nexus5x05	1769700039000	0.015869140625	-0.0426025390625	-0.71038818359375
Nexus5x05	1769704999000	0.01641845703125	-0.04296875	-0.71044921875
Nexus5x05	1769710016000	0.0167236328125	-0.04278564453125	-0.71051025390625
Nexus5x05	1769714976000	0.016357421875	-0.043212890625	-0.71044921875
Nexus5x05	1769720166000	0.0159912109375	-0.0433349609375	-0.71044921875
Nexus5x05	1769725126000	0.0152587890625	-0.0428466796875	-0.71038818359375
Nexus5x05	1769730165000	0.01507568359375	-0.042724609375	-0.71038818359375
Nexus5x05	1769735125000	0.0150146484375	-0.0426025390625	-0.71038818359375
Nexus5x05	1769740254000	0.01458740234375	-0.04241943359375	-0.7103271484375
Nexus5x05	1769745242000	0.0142822265625	-0.0421142578125	-0.71038818359375
Nexus5x05	1769750263000	0.014404296875	-0.04205322265625	-0.71038818359375
Nexus5x05	1769755183000	0.0142822265625	-0.04217529296875	-0.71038818359375
Nexus5x05	1769760273000	0.0145263671875	-0.04180908203125	-0.71038818359375
Nexus5x05	1769765274000	0.0152587890625	-0.04180908203125	-0.71038818359375
Nexus5x05	1769770274000	0.01568603515625	-0.04229736328125	-0.71038818359375
Nexus5x05	1769775327000	0.01605224609375	-0.04248046875	-0.71038818359375
Nexus5x05	1769780417000	0.01568603515625	-0.04229736328125	-0.71038818359375
Nexus5x05	1769785480000	0.01519775390625	-0.042236328125	-0.71038818359375
Nexus5x05	1769790505000	0.01513671875	-0.04296875	-0.7103271484375
Nexus5x05	1769795587000	0.0152587890625	-0.04351806640625	-0.7103271484375
Nexus5x05	1769800587000	0.01605224609375	-0.04376220703125	-0.71038818359375
Nexus5x05	1769805658000	0.0162353515625	-0.0433349609375	-0.71044921875
Nexus5x05	1769810658000	0.01629638671875	-0.04248046875	-0.71051025390625
Nexus5x05	1769815813000	0.0166015625	-0.04205322265625	-0.71051025390625
Nexus5x05	1769820811000	0.016357421875	-0.04278564453125	-0.71051025390625
Nexus5x05	1769825945000	0.01654052734375	-0.04315185546875	-0.71051025390625
Nexus5x05	1769830945000	0.01666259765625	-0.0428466796875	-0.71051025390625
Nexus5x05	1769835936000	0.01690673828125	-0.042236328125	-0.7105712890625
Nexus5x05	1769840936000	0.01751708984375	-0.04254150390625	-0.7105712890625
Nexus5x05	1769845938000	0.016357421875	-0.0426025390625	-0.71051025390625
Nexus5x05	1769850938000	0.0167236328125	-0.0430908203125	-0.71051025390625
Nexus5x05	1769855941000	0.0162353515625	-0.04339599609375	-0.71051025390625
Nexus5x05	1769860941000	0.015625	-0.042724609375	-0.71051025390625
Nexus5x05	1769865933000	0.01568603515625	-0.0430908203125	-0.71051025390625
Nexus5x05	1769870933000	0.0159912109375	-0.04278564453125	-0.7105712890625
Nexus5x05	1769875867000	0.0162353515625	-0.04254150390625	-0.7105712890625
Nexus5x05	1769880867000	0.0166015625	-0.0428466796875	-0.7105712890625
Nexus5x05	1769885774000	0.0166015625	-0.042724609375	-0.7105712890625
Nexus5x05	1769890794000	0.01654052734375	-0.04248046875	-0.71063232421875
Nexus5x05	1769895723000	0.01593017578125	-0.0423583984375	-0.71063232421875
Nexus5x05	1769900723000	0.01580810546875	-0.04296875	-0.71063232421875
Nexus5x05	1769905649000	0.015869140625	-0.04229736328125	-0.71063232421875
Nexus5x05	1769910649000	0.01513671875	-0.0426025390625	-0.71063232421875
Nexus5x05	1769915645000	0.01434326171875	-0.04241943359375	-0.71063232421875
Nexus5x05	1769920581000	0.01495361328125	-0.04266357421875	-0.71063232421875
Nexus5x05	1769925561000	0.01434326171875	-0.04327392578125	-0.71063232421875
Nexus5x05	1769930561000	0.01434326171875	-0.04400634765625	-0.71063232421875
Nexus5x05	1769935511000	0.0150146484375	-0.044189453125	-0.710693359375
Nexus5x05	1769940511000	0.01580810546875	-0.042724609375	-0.71087646484375
Nexus5x05	1769945471000	0.01495361328125	-0.0435791015625	-0.7108154296875
Nexus5x05	1769950471000	0.01495361328125	-0.043212890625	-0.7108154296875
Nexus5x05	1769955495000	0.0150146484375	-0.04302978515625	-0.7108154296875
Nexus5x05	1769960495000	0.01513671875	-0.042724609375	-0.7108154296875
Nexus5x05	1769965484000	0.01556396484375	-0.04278564453125	-0.7108154296875
Nexus5x05	1769970444000	0.0157470703125	-0.0426025390625	-0.71087646484375
Nexus5x05	1769975367000	0.0157470703125	-0.043701171875	-0.7108154296875
Nexus5x05	1769980327000	0.01593017578125	-0.04241943359375	-0.71087646484375
Nexus5x05	1769985367000	0.0167236328125	-0.0433349609375	-0.7108154296875
Nexus5x05	1769990327000	0.01654052734375	-0.04248046875	-0.7109375
Nexus5x05	1769995366000	0.016845703125	-0.04229736328125	-0.7109375
Nexus5x05	1770000326000	0.0162353515625	-0.04290771484375	-0.71087646484375
Nexus5x05	1770005283000	0.01641845703125	-0.04205322265625	-0.7109375
Nexus5x05	1770010243000	0.0167236328125	-0.04248046875	-0.7109375
Nexus5x05	1770015197000	0.0167236328125	-0.042724609375	-0.7109375
Nexus5x05	1770020157000	0.01629638671875	-0.04296875	-0.71087646484375
Nexus5x05	1770025271000	0.01568603515625	-0.0435791015625	-0.71087646484375
Nexus5x05	1770030231000	0.01556396484375	-0.04376220703125	-0.71087646484375
Nexus5x05	1770035186000	0.01580810546875	-0.04400634765625	-0.71087646484375
Nexus5x05	1770040146000	0.01593017578125	-0.0445556640625	-0.71087646484375
Nexus5x05	1770045197000	0.0157470703125	-0.0443115234375	-0.71087646484375
Nexus5x05	1770050157000	0.0152587890625	-0.04388427734375	-0.71087646484375
Nexus5x05	1770055378000	0.01531982421875	-0.04302978515625	-0.71087646484375
Nexus5x05	1770060338000	0.0159912109375	-0.04351806640625	-0.71087646484375
Nexus5x05	1770065387000	0.01605224609375	-0.0433349609375	-0.7109375
Nexus5x05	1770070347000	0.01580810546875	-0.04278564453125	-0.71099853515625
Nexus5x05	1770075462000	0.0155029296875	-0.042236328125	-0.71099853515625
Nexus5x05	1770080557000	0.01507568359375	-0.0423583984375	-0.7110595703125
Nexus5x05	1770085557000	0.01507568359375	-0.04248046875	-0.7110595703125
Nexus5x05	1770090590000	0.0145263671875	-0.04302978515625	-0.7110595703125
Nexus5x05	1770095590000	0.01446533203125	-0.04327392578125	-0.7110595703125
Nexus5x05	1770100717000	0.01513671875	-0.0438232421875	-0.71112060546875
Nexus5x05	1770105717000	0.01593017578125	-0.04376220703125	-0.71112060546875
Nexus5x05	1770110650000	0.01666259765625	-0.043212890625	-0.71124267578125
Nexus5x05	1770115650000	0.01654052734375	-0.043701171875	-0.711181640625
Nexus5x05	1770120642000	0.0162353515625	-0.04412841796875	-0.71112060546875
Nexus5x05	1770125642000	0.0162353515625	-0.04461669921875	-0.7110595703125
Nexus5x05	1770130513000	0.01580810546875	-0.04461669921875	-0.7110595703125
Nexus5x05	1770135513000	0.01544189453125	-0.04425048828125	-0.71099853515625
Nexus5x05	1770140529000	0.01544189453125	-0.04388427734375	-0.71099853515625
Nexus5x05	1770145529000	0.015380859375	-0.04345703125	-0.7110595703125
Nexus5x05	1770150442000	0.01593017578125	-0.04339599609375	-0.7110595703125
Nexus5x05	1770155351000	0.01568603515625	-0.04351806640625	-0.7110595703125
Nexus5x05	1770160323000	0.01531982421875	-0.044189453125	-0.7110595703125
Nexus5x05	1770165323000	0.01513671875	-0.0439453125	-0.71099853515625
Nexus5x05	1770170256000	0.015625	-0.0430908203125	-0.7110595703125
Nexus5x05	1770175256000	0.015625	-0.0428466796875	-0.7110595703125
Nexus5x05	1770180191000	0.01507568359375	-0.0433349609375	-0.7110595703125
Nexus5x05	1770185097000	0.01531982421875	-0.04351806640625	-0.7110595703125
Nexus5x05	1770190154000	0.01519775390625	-0.043212890625	-0.7110595703125
Nexus5x05	1770195120000	0.0147705078125	-0.04327392578125	-0.7110595703125
Nexus5x05	1770200120000	0.0155029296875	-0.04412841796875	-0.71112060546875
Nexus5x05	1770205120000	0.0162353515625	-0.04345703125	-0.711181640625
Nexus5x05	1770210120000	0.01568603515625	-0.04327392578125	-0.71124267578125
Nexus5x05	1770215120000	0.016357421875	-0.0435791015625	-0.711181640625
Nexus5x05	1770220246000	0.01654052734375	-0.04400634765625	-0.711181640625
Nexus5x05	1770225246000	0.0167236328125	-0.0439453125	-0.711181640625
Nexus5x05	1770230229000	0.0169677734375	-0.04425048828125	-0.711181640625
Nexus5x05	1770235229000	0.01727294921875	-0.0438232421875	-0.71124267578125
Nexus5x05	1770240231000	0.01678466796875	-0.04327392578125	-0.7113037109375
Nexus5x05	1770245231000	0.0162353515625	-0.04302978515625	-0.71136474609375
Nexus5x05	1770250262000	0.015869140625	-0.043701171875	-0.71136474609375
Nexus5x05	1770255262000	0.01580810546875	-0.04302978515625	-0.71136474609375
Nexus5x05	1770260277000	0.01483154296875	-0.04327392578125	-0.71136474609375
Nexus5x05	1770265277000	0.01531982421875	-0.04327392578125	-0.71142578125
Nexus5x05	1770270247000	0.01507568359375	-0.0433349609375	-0.71142578125
Nexus5x05	1770275207000	0.0152587890625	-0.04400634765625	-0.71142578125
Nexus5x05	1770280260000	0.01605224609375	-0.043212890625	-0.71148681640625
Nexus5x05	1770285260000	0.01605224609375	-0.0421142578125	-0.71160888671875
Nexus5x05	1770290289000	0.0159912109375	-0.0428466796875	-0.7115478515625
Nexus5x05	1770295249000	0.01580810546875	-0.043212890625	-0.7115478515625
Nexus5x05	1770300489000	0.0164794921875	-0.04241943359375	-0.71160888671875
Nexus5x05	1770305449000	0.01605224609375	-0.0440673828125	-0.71148681640625
Nexus5x05	1770310650000	0.01611328125	-0.04388427734375	-0.71148681640625
Nexus5x05	1770315610000	0.0155029296875	-0.0435791015625	-0.71148681640625
Nexus5x05	1770320735000	0.015380859375	-0.04388427734375	-0.71148681640625
Nexus5x05	1770325695000	0.0150146484375	-0.0440673828125	-0.71148681640625
Nexus5x05	1770330892000	0.014892578125	-0.04327392578125	-0.71148681640625
Nexus5x05	1770335852000	0.01446533203125	-0.0433349609375	-0.71148681640625
Nexus5x05	1770340947000	0.0145263671875	-0.042724609375	-0.71148681640625
Nexus5x05	1770345907000	0.01544189453125	-0.04229736328125	-0.71142578125
Nexus5x05	1770350964000	0.0157470703125	-0.041748046875	-0.71148681640625
Nexus5x05	1770355924000	0.01507568359375	-0.04248046875	-0.71148681640625
Nexus5x05	1770360960000	0.01385498046875	-0.043701171875	-0.71148681640625
Nexus5x05	1770365920000	0.0140380859375	-0.04339599609375	-0.71148681640625
Nexus5x05	1770370890000	0.01495361328125	-0.04388427734375	-0.7115478515625
Nexus5x05	1770375850000	0.01507568359375	-0.04376220703125	-0.7115478515625
Nexus5x05	1770380862000	0.01495361328125	-0.04388427734375	-0.7115478515625
Nexus5x05	1770385822000	0.01544189453125	-0.04388427734375	-0.71160888671875
Nexus5x05	1770390875000	0.0155029296875	-0.04351806640625	-0.71160888671875
Nexus5x05	1770395835000	0.01519775390625	-0.0440673828125	-0.71160888671875
Nexus5x05	1770400796000	0.0150146484375	-0.04412841796875	-0.71160888671875
Nexus5x05	1770405756000	0.01513671875	-0.04412841796875	-0.71160888671875
Nexus5x05	1770410716000	0.01629638671875	-0.0438232421875	-0.711669921875
Nexus5x05	1770415739000	0.0169677734375	-0.0435791015625	-0.71173095703125
Nexus5x05	1770420739000	0.01727294921875	-0.04296875	-0.71185302734375
Nexus5x05	1770425563000	0.017578125	-0.0423583984375	-0.7119140625
Nexus5x05	1770430563000	0.0174560546875	-0.042236328125	-0.71197509765625
Nexus5x05	1770435524000	0.01751708984375	-0.04180908203125	-0.7120361328125
Nexus5x05	1770440524000	0.01763916015625	-0.04119873046875	-0.71209716796875
Nexus5x05	1770445512000	0.01678466796875	-0.0413818359375	-0.71221923828125
Nexus5x05	1770450512000	0.0159912109375	-0.0421142578125	-0.7122802734375
Nexus5x05	1770455509000	0.01531982421875	-0.0419921875	-0.7122802734375
Nexus5x05	1770460509000	0.014892578125	-0.0418701171875	-0.71221923828125
Nexus5x05	1770465395000	0.0147705078125	-0.0423583984375	-0.7122802734375
Nexus5x05	1770470286000	0.0155029296875	-0.04302978515625	-0.71240234375
Nexus5x05	1770475305000	0.01617431640625	-0.043212890625	-0.71246337890625
Nexus5x05	1770480275000	0.01605224609375	-0.04315185546875	-0.71246337890625
Nexus5x05	1770485273000	0.0157470703125	-0.04290771484375	-0.71246337890625
Nexus5x05	1770490273000	0.01556396484375	-0.04296875	-0.71246337890625
Nexus5x05	1770495260000	0.01629638671875	-0.0430908203125	-0.71246337890625
Nexus5x05	1770500260000	0.01629638671875	-0.04302978515625	-0.7125244140625
Nexus5x05	1770505169000	0.016357421875	-0.04248046875	-0.71258544921875
Nexus5x05	1770510169000	0.01641845703125	-0.04302978515625	-0.71258544921875
Nexus5x05	1770515250000	0.01690673828125	-0.04345703125	-0.71258544921875
Nexus5x05	1770520250000	0.0177001953125	-0.04315185546875	-0.712646484375
Nexus5x05	1770525213000	0.01788330078125	-0.04266357421875	-0.7127685546875
Nexus5x05	1770530213000	0.017578125	-0.0426025390625	-0.7127685546875
Nexus5x05	1770535201000	0.0167236328125	-0.04278564453125	-0.7127685546875
Nexus5x05	1770540201000	0.01702880859375	-0.04278564453125	-0.71282958984375
Nexus5x05	1770545149000	0.01654052734375	-0.0418701171875	-0.71282958984375
Nexus5x05	1770550149000	0.0164794921875	-0.042724609375	-0.712890625
Nexus5x05	1770555148000	0.01629638671875	-0.04296875	-0.712890625
Nexus5x05	1770560148000	0.01617431640625	-0.04296875	-0.712890625
Nexus5x05	1770565165000	0.016357421875	-0.0428466796875	-0.712890625
Nexus5x05	1770570165000	0.015625	-0.04425048828125	-0.71282958984375
Nexus5x05	1770575128000	0.01544189453125	-0.04400634765625	-0.71282958984375
Nexus5x05	1770580128000	0.01531982421875	-0.0445556640625	-0.71282958984375
Nexus5x05	1770585028000	0.01617431640625	-0.04412841796875	-0.712890625
Nexus5x05	1770590028000	0.0167236328125	-0.04302978515625	-0.7130126953125
Nexus5x05	1770595116000	0.01654052734375	-0.04290771484375	-0.71307373046875
Nexus5x05	1770600076000	0.01641845703125	-0.04327392578125	-0.71307373046875
Nexus5x05	1770605350000	0.01617431640625	-0.0433349609375	-0.71307373046875
Nexus5x05	1770610310000	0.01690673828125	-0.04351806640625	-0.71307373046875
Nexus5x05	1770615350000	0.0167236328125	-0.04388427734375	-0.7130126953125
Nexus5x05	1770620310000	0.01605224609375	-0.04486083984375	-0.712890625
Nexus5x05	1770625354000	0.01617431640625	-0.0438232421875	-0.712890625
Nexus5x05	1770630314000	0.0162353515625	-0.04296875	-0.712890625
Nexus5x05	1770635354000	0.01690673828125	-0.04296875	-0.712890625
Nexus5x05	1770640314000	0.0166015625	-0.0421142578125	-0.71295166015625
Nexus5x05	1770645503000	0.015625	-0.04229736328125	-0.71307373046875
Nexus5x05	1770650463000	0.01568603515625	-0.04193115234375	-0.71307373046875
Nexus5x05	1770655504000	0.0155029296875	-0.0419921875	-0.71307373046875
Nexus5x05	1770660464000	0.0157470703125	-0.0413818359375	-0.71307373046875
Nexus5x05	1770665574000	0.01519775390625	-0.04150390625	-0.713134765625
Nexus5x05	1770670534000	0.01531982421875	-0.04229736328125	-0.713134765625
Nexus5x05	1770675446000	0.01593017578125	-0.04217529296875	-0.71319580078125
Nexus5x05	1770680406000	0.0152587890625	-0.04290771484375	-0.71307373046875
Nexus5x05	1770685448000	0.01495361328125	-0.04290771484375	-0.71307373046875
Nexus5x05	1770690408000	0.015625	-0.04327392578125	-0.713134765625
Nexus5x05	1770695447000	0.015869140625	-0.04376220703125	-0.713134765625
Nexus5x05	1770700407000	0.015380859375	-0.0440673828125	-0.71307373046875
Nexus5x05	1770705442000	0.01470947265625	-0.04437255859375	-0.7130126953125
Nexus5x05	1770710402000	0.01507568359375	-0.0440673828125	-0.7130126953125
Nexus5x05	1770715350000	0.015869140625	-0.04351806640625	-0.71307373046875
Nexus5x05	1770720310000	0.01568603515625	-0.043212890625	-0.713134765625
Nexus5x05	1770725477000	0.0152587890625	-0.04241943359375	-0.71319580078125
Nexus5x05	1770730437000	0.01544189453125	-0.042236328125	-0.71319580078125
Nexus5x05	1770735385000	0.015625	-0.04248046875	-0.713134765625
Nexus5x05	1770740345000	0.01519775390625	-0.042724609375	-0.713134765625
Nexus5x05	1770745318000	0.01531982421875	-0.0430908203125	-0.71319580078125
Nexus5x05	1770750351000	0.01531982421875	-0.04327392578125	-0.71319580078125
Nexus5x05	1770755351000	0.01519775390625	-0.04302978515625	-0.71319580078125
Nexus5x05	1770760359000	0.01531982421875	-0.04248046875	-0.71319580078125
Nexus5x05	1770765359000	0.01519775390625	-0.04248046875	-0.71319580078125
Nexus5x05	1770770411000	0.01513671875	-0.04241943359375	-0.71319580078125
Nexus5x05	1770775411000	0.01531982421875	-0.04217529296875	-0.71319580078125
Nexus5x05	1770780570000	0.014892578125	-0.04248046875	-0.71319580078125
Nexus5x05	1770785570000	0.014892578125	-0.04290771484375	-0.7132568359375
Nexus5x05	1770790567000	0.01495361328125	-0.042724609375	-0.7132568359375
Nexus5x05	1770795567000	0.0146484375	-0.04290771484375	-0.7132568359375
Nexus5x05	1770800622000	0.01483154296875	-0.04266357421875	-0.7132568359375
Nexus5x05	1770805601000	0.01483154296875	-0.04229736328125	-0.7132568359375
Nexus5x05	1770810637000	0.01495361328125	-0.04248046875	-0.7132568359375
Nexus5x05	1770815704000	0.01580810546875	-0.0423583984375	-0.71331787109375
Nexus5x05	1770820803000	0.0162353515625	-0.04168701171875	-0.71337890625
Nexus5x05	1770825803000	0.015869140625	-0.04150390625	-0.71337890625
Nexus5x05	1770830842000	0.01519775390625	-0.04156494140625	-0.71337890625
Nexus5x05	1770835842000	0.01519775390625	-0.0419921875	-0.71337890625
Nexus5x05	1770840860000	0.0150146484375	-0.041015625	-0.71337890625
Nexus5x05	1770845860000	0.015625	-0.0416259765625	-0.71337890625
Nexus5x05	1770850862000	0.01629638671875	-0.0423583984375	-0.71337890625
Nexus5x05	1770855862000	0.01629638671875	-0.04278564453125	-0.71331787109375
Nexus5x05	1770860946000	0.01690673828125	-0.0423583984375	-0.71337890625
Nexus5x05	1770865946000	0.0164794921875	-0.0419921875	-0.71343994140625
Nexus5x05	1770870937000	0.01617431640625	-0.04278564453125	-0.71337890625
Nexus5x05	1770875937000	0.01513671875	-0.04327392578125	-0.71331787109375
Nexus5x05	1770880891000	0.0157470703125	-0.04296875	-0.71331787109375
Nexus5x05	1770885889000	0.0162353515625	-0.04266357421875	-0.71337890625
Nexus5x05	1770890781000	0.0155029296875	-0.042724609375	-0.71337890625
Nexus5x05	1770895796000	0.01605224609375	-0.04254150390625	-0.71337890625
Nexus5x05	1770900793000	0.01611328125	-0.042724609375	-0.71337890625
Nexus5x05	1770905679000	0.0167236328125	-0.04278564453125	-0.71337890625
Nexus5x05	1770910750000	0.01641845703125	-0.0423583984375	-0.71343994140625
Nexus5x05	1770915748000	0.0157470703125	-0.042236328125	-0.71343994140625
Nexus5x05	1770920691000	0.015380859375	-0.042724609375	-0.71343994140625
Nexus5x05	1770925693000	0.0159912109375	-0.042236328125	-0.7135009765625
Nexus5x05	1770930660000	0.01641845703125	-0.0430908203125	-0.71343994140625
Nexus5x05	1770935668000	0.015625	-0.0413818359375	-0.71356201171875
Nexus5x05	1770940718000	0.015869140625	-0.041259765625	-0.71356201171875
Nexus5x05	1770945678000	0.01605224609375	-0.042236328125	-0.7135009765625
Nexus5x05	1770950828000	0.01531982421875	-0.04217529296875	-0.7135009765625
Nexus5x05	1770955788000	0.015869140625	-0.04156494140625	-0.7135009765625
Nexus5x05	1770960920000	0.015869140625	-0.041015625	-0.71356201171875
Nexus5x05	1770965880000	0.01605224609375	-0.04058837890625	-0.71356201171875
Nexus5x05	1770970920000	0.0150146484375	-0.0413818359375	-0.71356201171875
Nexus5x05	1770975880000	0.01544189453125	-0.04217529296875	-0.713623046875
Nexus5x05	1770980862000	0.016845703125	-0.041259765625	-0.7137451171875
Nexus5x05	1770985822000	0.01702880859375	-0.04095458984375	-0.7137451171875
Nexus5x05	1770990929000	0.01654052734375	-0.0416259765625	-0.71368408203125
Nexus5x05	1770995889000	0.0164794921875	-0.0418701171875	-0.71368408203125
Nexus5x05	1771000790000	0.0157470703125	-0.0428466796875	-0.713623046875
Nexus5x05	1771005750000	0.0152587890625	-0.04339599609375	-0.713623046875
Nexus5x05	1771010761000	0.015625	-0.04266357421875	-0.713623046875
Nexus5x05	1771015721000	0.01593017578125	-0.0419921875	-0.713623046875
Nexus5x05	1771020663000	0.01611328125	-0.0423583984375	-0.713623046875
Nexus5x05	1771025623000	0.0157470703125	-0.04241943359375	-0.713623046875
Nexus5x05	1771030591000	0.01519775390625	-0.0426025390625	-0.713623046875
Nexus5x05	1771035551000	0.01513671875	-0.04290771484375	-0.713623046875
Nexus5x05	1771040591000	0.0150146484375	-0.042724609375	-0.713623046875
Nexus5x05	1771045551000	0.0150146484375	-0.0426025390625	-0.713623046875
Nexus5x05	1771050521000	0.01611328125	-0.04180908203125	-0.71368408203125
Nexus5x05	1771055432000	0.01666259765625	-0.04150390625	-0.71368408203125
Nexus5x05	1771060333000	0.0162353515625	-0.04180908203125	-0.71368408203125
Nexus5x05	1771065256000	0.01568603515625	-0.0419921875	-0.71368408203125
Nexus5x05	1771070256000	0.01568603515625	-0.04266357421875	-0.71368408203125
Nexus5x05	1771075298000	0.01580810546875	-0.04345703125	-0.713623046875
Nexus5x05	1771080298000	0.0155029296875	-0.04290771484375	-0.713623046875
Nexus5x05	1771085348000	0.01495361328125	-0.0421142578125	-0.713623046875
Nexus5x05	1771090348000	0.0152587890625	-0.04193115234375	-0.713623046875
Nexus5x05	1771095273000	0.015625	-0.04180908203125	-0.713623046875
Nexus5x05	1771100273000	0.0162353515625	-0.0423583984375	-0.713623046875
Nexus5x05	1771105361000	0.01641845703125	-0.04217529296875	-0.713623046875
Nexus5x05	1771110214000	0.01666259765625	-0.041748046875	-0.71368408203125
Nexus5x05	1771115302000	0.01666259765625	-0.0416259765625	-0.71368408203125
Nexus5x05	1771120202000	0.01641845703125	-0.04168701171875	-0.71368408203125
Nexus5x05	1771125390000	0.015625	-0.0421142578125	-0.71368408203125
Nexus5x05	1771130390000	0.0152587890625	-0.04296875	-0.71368408203125
Nexus5x05	1771135381000	0.0152587890625	-0.04364013671875	-0.7137451171875
Nexus5x05	1771140381000	0.01544189453125	-0.04364013671875	-0.7137451171875
Nexus5x05	1771145389000	0.01531982421875	-0.0435791015625	-0.7137451171875
Nexus5x05	1771150389000	0.015625	-0.04315185546875	-0.7137451171875
Nexus5x05	1771155366000	0.015625	-0.04290771484375	-0.71380615234375
Nexus5x05	1771160366000	0.015625	-0.04290771484375	-0.71380615234375
Nexus5x05	1771165444000	0.0157470703125	-0.0435791015625	-0.71380615234375
Nexus5x05	1771170444000	0.01544189453125	-0.04345703125	-0.71380615234375
Nexus5x05	1771175565000	0.01507568359375	-0.043212890625	-0.71380615234375
Nexus5x05	1771180565000	0.01617431640625	-0.0428466796875	-0.71380615234375
Nexus5x05	1771185632000	0.01666259765625	-0.0423583984375	-0.7138671875
Nexus5x05	1771190632000	0.016357421875	-0.0421142578125	-0.71392822265625
Nexus5x05	1771195633000	0.016357421875	-0.04266357421875	-0.7138671875
Nexus5x05	1771200633000	0.015869140625	-0.0421142578125	-0.71392822265625
Nexus5x05	1771205627000	0.01568603515625	-0.0426025390625	-0.71392822265625
Nexus5x05	1771210720000	0.015380859375	-0.042724609375	-0.71392822265625
Nexus5x05	1771215646000	0.01507568359375	-0.0419921875	-0.71392822265625
Nexus5x05	1771220646000	0.0145263671875	-0.04290771484375	-0.7139892578125
Nexus5x05	1771225739000	0.01434326171875	-0.04290771484375	-0.7139892578125
Nexus5x05	1771230650000	0.01458740234375	-0.043701171875	-0.7139892578125
Nexus5x05	1771235650000	0.01544189453125	-0.04302978515625	-0.714111328125
Nexus5x05	1771240650000	0.01593017578125	-0.04290771484375	-0.714111328125
Nexus5x05	1771245546000	0.01568603515625	-0.042724609375	-0.71417236328125
Nexus5x05	1771250546000	0.0152587890625	-0.04339599609375	-0.714111328125
Nexus5x05	1771255351000	0.015625	-0.0433349609375	-0.714111328125
Nexus5x05	1771260351000	0.01519775390625	-0.0439453125	-0.714111328125
Nexus5x05	1771265181000	0.0146484375	-0.04296875	-0.71405029296875
Nexus5x05	1771270181000	0.01385498046875	-0.04345703125	-0.714111328125
Nexus5x05	1771275183000	0.01373291015625	-0.04278564453125	-0.71405029296875
Nexus5x05	1771280143000	0.014892578125	-0.042724609375	-0.71405029296875
Nexus5x05	1771285248000	0.0147705078125	-0.0419921875	-0.714111328125
Nexus5x05	1771290208000	0.0159912109375	-0.042236328125	-0.71405029296875
Nexus5x05	1771295245000	0.01702880859375	-0.04254150390625	-0.7139892578125
Nexus5x05	1771300205000	0.016357421875	-0.04278564453125	-0.71392822265625
Nexus5x05	1771305271000	0.0166015625	-0.0426025390625	-0.71392822265625
Nexus5x05	1771310231000	0.01629638671875	-0.0428466796875	-0.71392822265625
Nexus5x05	1771315602000	0.01763916015625	-0.042724609375	-0.7139892578125
Nexus5x05	1771320562000	0.01776123046875	-0.04229736328125	-0.71405029296875
Nexus5x05	1771325764000	0.01739501953125	-0.043212890625	-0.71392822265625
Nexus5x05	1771330724000	0.01678466796875	-0.04241943359375	-0.7139892578125
Nexus5x05	1771335823000	0.016845703125	-0.04290771484375	-0.71392822265625
Nexus5x05	1771340783000	0.0167236328125	-0.0430908203125	-0.71392822265625
Nexus5x05	1771345767000	0.0166015625	-0.04254150390625	-0.71392822265625
Nexus5x05	1771350727000	0.0167236328125	-0.04229736328125	-0.71392822265625
Nexus5x05	1771355781000	0.01654052734375	-0.04302978515625	-0.71392822265625
Nexus5x05	1771360741000	0.01544189453125	-0.043212890625	-0.7138671875
Nexus5x05	1771365784000	0.01556396484375	-0.0438232421875	-0.71392822265625
Nexus5x05	1771370744000	0.0155029296875	-0.04345703125	-0.71392822265625
Nexus5x05	1771375792000	0.01519775390625	-0.04339599609375	-0.71392822265625
Nexus5x05	1771380752000	0.0157470703125	-0.04327392578125	-0.71392822265625
Nexus5x05	1771385811000	0.016357421875	-0.0435791015625	-0.71392822265625
Nexus5x05	1771390788000	0.01611328125	-0.04327392578125	-0.7139892578125
Nexus5x05	1771395788000	0.01568603515625	-0.04266357421875	-0.7139892578125
Nexus5x05	1771400898000	0.01544189453125	-0.0426025390625	-0.71405029296875
Nexus5x05	1771405898000	0.01513671875	-0.04278564453125	-0.71405029296875
Nexus5x05	1771410884000	0.01544189453125	-0.04248046875	-0.71405029296875
Nexus5x05	1771415884000	0.01519775390625	-0.0423583984375	-0.71405029296875
Nexus5x05	1771420848000	0.01519775390625	-0.04241943359375	-0.71405029296875
Nexus5x05	1771425848000	0.0152587890625	-0.042236328125	-0.714111328125
Nexus5x05	1771430770000	0.01507568359375	-0.04290771484375	-0.71405029296875
Nexus5x05	1771435764000	0.0152587890625	-0.043701171875	-0.71405029296875
Nexus5x05	1771440777000	0.01593017578125	-0.0433349609375	-0.71417236328125
Nexus5x05	1771445777000	0.01580810546875	-0.04327392578125	-0.71417236328125
Nexus5x05	1771450682000	0.0155029296875	-0.04339599609375	-0.71417236328125
Nexus5x05	1771455682000	0.015625	-0.0430908203125	-0.71417236328125
Nexus5x05	1771460716000	0.01611328125	-0.04278564453125	-0.7142333984375
Nexus5x05	1771465716000	0.01556396484375	-0.04345703125	-0.71417236328125
Nexus5x05	1771470626000	0.01513671875	-0.04376220703125	-0.714111328125
Nexus5x05	1771475626000	0.01531982421875	-0.04339599609375	-0.71417236328125
Nexus5x05	1771480622000	0.0152587890625	-0.042724609375	-0.71417236328125
Nexus5x05	1771485540000	0.0147705078125	-0.04290771484375	-0.71417236328125
Nexus5x05	1771490483000	0.01470947265625	-0.043212890625	-0.7142333984375
Nexus5x05	1771495483000	0.0147705078125	-0.0430908203125	-0.7142333984375
Nexus5x05	1771500421000	0.01507568359375	-0.0433349609375	-0.7142333984375
Nexus5x05	1771505421000	0.0152587890625	-0.04351806640625	-0.7142333984375
Nexus5x05	1771510329000	0.01495361328125	-0.0438232421875	-0.71417236328125
Nexus5x05	1771515352000	0.0147705078125	-0.043701171875	-0.71417236328125
Nexus5x05	1771520352000	0.01495361328125	-0.04290771484375	-0.7142333984375
Nexus5x05	1771525354000	0.01495361328125	-0.04327392578125	-0.7142333984375
Nexus5x05	1771530432000	0.0150146484375	-0.0433349609375	-0.7142333984375
Nexus5x05	1771535432000	0.01483154296875	-0.04241943359375	-0.7142333984375
Nexus5x05	1771540433000	0.014892578125	-0.04302978515625	-0.7142333984375
Nexus5x05	1771545433000	0.01513671875	-0.0430908203125	-0.71429443359375
Nexus5x05	1771550432000	0.0152587890625	-0.0430908203125	-0.71429443359375
Nexus5x05	1771555432000	0.014892578125	-0.043212890625	-0.71429443359375
Nexus5x05	1771560436000	0.01483154296875	-0.04345703125	-0.71429443359375
Nexus5x05	1771565436000	0.01470947265625	-0.04351806640625	-0.71429443359375
Nexus5x05	1771570491000	0.01593017578125	-0.0430908203125	-0.71435546875
Nexus5x05	1771575491000	0.0167236328125	-0.0430908203125	-0.71435546875
Nexus5x05	1771580489000	0.01702880859375	-0.0426025390625	-0.7144775390625
Nexus5x05	1771585488000	0.016357421875	-0.04229736328125	-0.71453857421875
Nexus5x05	1771590564000	0.01611328125	-0.04241943359375	-0.714599609375
Nexus5x05	1771595476000	0.01531982421875	-0.043212890625	-0.714599609375
Nexus5x05	1771600316000	0.01580810546875	-0.0433349609375	-0.714599609375
Nexus5x05	1771605316000	0.01617431640625	-0.04296875	-0.71466064453125
Nexus5x05	1771610263000	0.01702880859375	-0.0426025390625	-0.7147216796875
Nexus5x05	1771615223000	0.0159912109375	-0.04296875	-0.7147216796875
Nexus5x05	1771620262000	0.0157470703125	-0.04205322265625	-0.7147216796875
Nexus5x05	1771625222000	0.01605224609375	-0.041748046875	-0.71466064453125
Nexus5x05	1771630264000	0.0159912109375	-0.04217529296875	-0.71466064453125
Nexus5x05	1771635224000	0.01617431640625	-0.04266357421875	-0.71466064453125
Nexus5x05	1771640164000	0.01519775390625	-0.042724609375	-0.714599609375
Nexus5x05	1771645124000	0.01470947265625	-0.042236328125	-0.71453857421875
