displayname	timestamp	x	y	z
Nexus6x07	1031806181784406	-0.0436859130859375	-0.002685546875	9.806488037109375
Nexus6x07	1031806186239973	-0.0436859130859375	-0.004180908203125	9.806488037109375
Nexus6x07	1031806190695539	-0.0435333251953125	-0.0040283203125	9.806488037109375
Nexus6x07	1031806195151105	-0.0438385009765625	-0.0037384033203125	9.806488037109375
Nexus6x07	1031806199606672	-0.0436859130859375	-0.0035858154296875	9.806488037109375
Nexus6x07	1031806204092756	-0.0436859130859375	-0.0035858154296875	9.806488037109375
Nexus6x07	1031806208548322	-0.043243408203125	-0.002838134765625	9.806488037109375
Nexus6x07	1031806213003889	-0.0433807373046875	-0.0031280517578125	9.806488037109375
Nexus6x07	1031806217459455	-0.043243408203125	-0.00299072265625	9.806488037109375
Nexus6x07	1031806221915021	-0.0421905517578125	-0.00299072265625	9.806488037109375
Nexus6x07	1031806226401105	-0.0421905517578125	-0.0031280517578125	9.806488037109375
Nexus6x07	1031806230856672	-0.0423431396484375	-0.002838134765625	9.806488037109375
Nexus6x07	1031806235312238	-0.0408477783203125	-0.0020904541015625	9.806488037109375
Nexus6x07	1031806239767805	-0.041290283203125	-0.0019378662109375	9.806488037109375
Nexus6x07	1031806244223371	-0.0403900146484375	-0.0013427734375	9.806488037109375
Nexus6x07	1031806248709455	-0.0393524169921875	-0.001190185546875	9.806488037109375
Nexus6x07	1031806253165021	-0.0390472412109375	-0.001495361328125	9.806488037109375
Nexus6x07	1031806257620588	-0.0391998291015625	-0.0013427734375	9.806488037109375
Nexus6x07	1031806262076154	-0.0390472412109375	-0.0013427734375	9.806488037109375
Nexus6x07	1031806266531721	-0.03948974609375	-0.00103759765625	9.806488037109375
Nexus6x07	1031806271017805	-0.039642333984375	-0.00103759765625	9.806488037109375
Nexus6x07	1031806275473371	-0.04010009765625	-0.000885009765625	9.806488037109375
Nexus6x07	1031806279928937	-0.0388946533203125	-0.00103759765625	9.806488037109375
Nexus6x07	1031806284384504	-0.0388946533203125	-0.0007476806640625	9.806488037109375
Nexus6x07	1031806288840070	-0.03814697265625	-0.0005950927734375	9.806488037109375
Nexus6x07	1031806293326154	-0.037994384765625	-0.0002899169921875	9.806488037109375
Nexus6x07	1031806297781721	-0.0384521484375	-0.0002899169921875	9.806488037109375
Nexus6x07	1031806302237287	-0.038299560546875	-0.0004425048828125	9.806488037109375
Nexus6x07	1031806306692853	-0.03814697265625	-0.0001373291015625	9.806488037109375
Nexus6x07	1031806311148420	-0.037994384765625	0.0001373291015625	9.806488037109375
Nexus6x07	1031806315634504	-0.037994384765625	0.0002899169921875	9.806488037109375
Nexus6x07	1031806320090070	-0.0372467041015625	0.0001373291015625	9.806488037109375
Nexus6x07	1031806324545637	-0.0373992919921875	0.0002899169921875	9.806488037109375
Nexus6x07	1031806329001203	-0.0375518798828125	0.0005950927734375	9.806488037109375
Nexus6x07	1031806333456769	-0.0378570556640625	0.00103759765625	9.806488037109375
Nexus6x07	1031806337942853	-0.0378570556640625	0.00103759765625	9.806488037109375
Nexus6x07	1031806342398420	-0.0364990234375	0.001495361328125	9.806488037109375
Nexus6x07	1031806346853986	-0.03680419921875	0.0016326904296875	9.806488037109375
Nexus6x07	1031806351309553	-0.03680419921875	0.0017852783203125	9.806488037109375
Nexus6x07	1031806355765119	-0.036956787109375	0.0020904541015625	9.806488037109375
Nexus6x07	1031806360251203	-0.036956787109375	0.0022430419921875	9.806488037109375
Nexus6x07	1031806364706769	-0.0372467041015625	0.002532958984375	9.806488037109375
Nexus6x07	1031806369162336	-0.0373992919921875	0.0017852783203125	9.806488037109375
Nexus6x07	1031806373617902	-0.0375518798828125	0.0020904541015625	9.806488037109375
Nexus6x07	1031806378073469	-0.0378570556640625	0.0022430419921875	9.806488037109375
Nexus6x07	1031806382559553	-0.0378570556640625	0.0022430419921875	9.806488037109375
Nexus6x07	1031806387015119	-0.0378570556640625	0.0022430419921875	9.806488037109375
Nexus6x07	1031806391470685	-0.0375518798828125	0.0022430419921875	9.806488037109375
Nexus6x07	1031806395926252	-0.0375518798828125	0.002532958984375	9.806488037109375
Nexus6x07	1031806400381818	-0.03680419921875	0.002838134765625	9.806488037109375
Nexus6x07	1031806404867902	-0.0372467041015625	0.002838134765625	9.806488037109375
Nexus6x07	1031806409323469	-0.0373992919921875	0.002685546875	9.806488037109375
Nexus6x07	1031806413779035	-0.0377044677734375	0.00238037109375	9.806488037109375
Nexus6x07	1031806418234602	-0.0375518798828125	0.002532958984375	9.806488037109375
Nexus6x07	1031806422690168	-0.0364990234375	0.002838134765625	9.806488037109375
Nexus6x07	1031806427176252	-0.03485107421875	0.0037384033203125	9.806488037109375
Nexus6x07	1031806431631818	-0.035003662109375	0.003875732421875	9.806488037109375
Nexus6x07	1031806436087385	-0.03515625	0.003875732421875	9.806488037109375
Nexus6x07	1031806440542951	-0.0355987548828125	0.0040283203125	9.806488037109375
Nexus6x07	1031806444998518	-0.0357513427734375	0.00433349609375	9.806488037109375
Nexus6x07	1031806449484602	-0.0359039306640625	0.00433349609375	9.806488037109375
Nexus6x07	1031806453940168	-0.03546142578125	0.00433349609375	9.806488037109375
Nexus6x07	1031806458395734	-0.033966064453125	0.00433349609375	9.806488037109375
Nexus6x07	1031806462851301	-0.033660888671875	0.004180908203125	9.806488037109375
Nexus6x07	1031806467306867	-0.033660888671875	0.00433349609375	9.806488037109375
Nexus6x07	1031806471792951	-0.033660888671875	0.004638671875	9.806488037109375
Nexus6x07	1031806476248518	-0.0327606201171875	0.0047760009765625	9.806488037109375
Nexus6x07	1031806480704084	-0.0326080322265625	0.0050811767578125	9.806488037109375
Nexus6x07	1031806485159650	-0.0315704345703125	0.005828857421875	9.806488037109375
Nexus6x07	1031806489615217	-0.03082275390625	0.0053863525390625	9.806488037109375
Nexus6x07	1031806494101301	-0.0309600830078125	0.0059814453125	9.806488037109375
Nexus6x07	1031806498556867	-0.0312652587890625	0.005828857421875	9.806488037109375
Nexus6x07	1031806503012434	-0.0315704345703125	0.005828857421875	9.806488037109375
Nexus6x07	1031806507468000	-0.0314178466796875	0.005523681640625	9.806488037109375
Nexus6x07	1031806511923566	-0.0317230224609375	0.00567626953125	9.806488037109375
Nexus6x07	1031806516409650	-0.032012939453125	0.0059814453125	9.806488037109375
Nexus6x07	1031806520865217	-0.032318115234375	0.0059814453125	9.806488037109375
Nexus6x07	1031806525320783	-0.0318603515625	0.00567626953125	9.806488037109375
Nexus6x07	1031806529776350	-0.03216552734375	0.005523681640625	9.806488037109375
Nexus6x07	1031806534231916	-0.032012939453125	0.0052337646484375	9.806488037109375
Nexus6x07	1031806538718000	-0.0327606201171875	0.0052337646484375	9.806488037109375
Nexus6x07	1031806543173566	-0.0332183837890625	0.0053863525390625	9.806488037109375
Nexus6x07	1031806547629133	-0.03216552734375	0.0050811767578125	9.806488037109375
Nexus6x07	1031806552084699	-0.032470703125	0.0049285888671875	9.806488037109375
Nexus6x07	1031806556540266	-0.0326080322265625	0.0049285888671875	9.806488037109375
Nexus6x07	1031806561026350	-0.0317230224609375	0.005828857421875	9.806488037109375
Nexus6x07	1031806565481916	-0.0317230224609375	0.00567626953125	9.806488037109375
Nexus6x07	1031806569937482	-0.0318603515625	0.005828857421875	9.806488037109375
Nexus6x07	1031806574393049	-0.032318115234375	0.0059814453125	9.806488037109375
Nexus6x07	1031806578848615	-0.032470703125	0.005828857421875	9.806488037109375
Nexus6x07	1031806583334699	-0.0327606201171875	0.005523681640625	9.806488037109375
Nexus6x07	1031806587790266	-0.0330657958984375	0.005828857421875	9.806488037109375
Nexus6x07	1031806592245832	-0.033355712890625	0.005828857421875	9.806488037109375
Nexus6x07	1031806596701398	-0.0332183837890625	0.006134033203125	9.806488037109375
Nexus6x07	1031806601156965	-0.0332183837890625	0.0059814453125	9.806488037109375
Nexus6x07	1031806605643049	-0.0332183837890625	0.005828857421875	9.806488037109375
Nexus6x07	1031806610098615	-0.032012939453125	0.0065765380859375	9.806488037109375
Nexus6x07	1031806614554182	-0.03216552734375	0.0065765380859375	9.806488037109375
Nexus6x07	1031806619009748	-0.03216552734375	0.00701904296875	9.806488037109375
Nexus6x07	1031806623465314	-0.032318115234375	0.00701904296875	9.806488037109375
Nexus6x07	1031806627951398	-0.03216552734375	0.00701904296875	9.806488037109375
Nexus6x07	1031806632406965	-0.0326080322265625	0.00701904296875	9.806488037109375
Nexus6x07	1031806636862531	-0.032318115234375	0.00701904296875	9.806488037109375
Nexus6x07	1031806641318098	-0.032318115234375	0.0068817138671875	9.806488037109375
Nexus6x07	1031806645773664	-0.0326080322265625	0.00732421875	9.806488037109375
Nexus6x07	1031806650259748	-0.032470703125	0.00762939453125	9.806488037109375
Nexus6x07	1031806654715314	-0.032470703125	0.00762939453125	9.806488037109375
Nexus6x07	1031806659170881	-0.032318115234375	0.007476806640625	9.806488037109375
Nexus6x07	1031806663626447	-0.032318115234375	0.00732421875	9.806488037109375
Nexus6x07	1031806668082014	-0.0309600830078125	0.0079193115234375	9.806488037109375
Nexus6x07	1031806672568098	-0.029327392578125	0.0083770751953125	9.806488037109375
Nexus6x07	1031806677023664	-0.029327392578125	0.008514404296875	9.806488037109375
Nexus6x07	1031806681479230	-0.0284271240234375	0.0083770751953125	9.806488037109375
Nexus6x07	1031806685934797	-0.028717041015625	0.0083770751953125	9.806488037109375
Nexus6x07	1031806690390363	-0.02752685546875	0.009124755859375	9.806488037109375
Nexus6x07	1031806694876447	-0.027374267578125	0.009124755859375	9.806488037109375
Nexus6x07	1031806699332014	-0.0270843505859375	0.009124755859375	9.806488037109375
Nexus6x07	1031806703787580	-0.02618408203125	0.0086669921875	9.806488037109375
Nexus6x07	1031806708243146	-0.0252838134765625	0.0094146728515625	9.806488037109375
Nexus6x07	1031806712698713	-0.025726318359375	0.0095672607421875	9.806488037109375
Nexus6x07	1031806717184797	-0.02618408203125	0.0095672607421875	9.806488037109375
Nexus6x07	1031806721640363	-0.0264739990234375	0.0094146728515625	9.806488037109375
Nexus6x07	1031806726095930	-0.0266265869140625	0.0097198486328125	9.806488037109375
Nexus6x07	1031806730551496	-0.0264739990234375	0.0098724365234375	9.806488037109375
Nexus6x07	1031806735007062	-0.0263214111328125	0.0083770751953125	9.806488037109375
Nexus6x07	1031806739493146	-0.0254364013671875	0.008514404296875	9.806488037109375
Nexus6x07	1031806743948713	-0.025726318359375	0.008514404296875	9.806488037109375
Nexus6x07	1031806748404279	-0.026031494140625	0.0083770751953125	9.806488037109375
Nexus6x07	1031806752859846	-0.0248260498046875	0.008514404296875	9.806488037109375
Nexus6x07	1031806757315412	-0.0248260498046875	0.008514404296875	9.806488037109375
Nexus6x07	1031806761801496	-0.0251312255859375	0.0083770751953125	9.806488037109375
Nexus6x07	1031806766257062	-0.0251312255859375	0.008514404296875	9.806488037109375
Nexus6x07	1031806770712629	-0.025726318359375	0.008514404296875	9.806488037109375
Nexus6x07	1031806775168195	-0.0251312255859375	0.008819580078125	9.806488037109375
Nexus6x07	1031806779623762	-0.0252838134765625	0.0086669921875	9.806488037109375
Nexus6x07	1031806784109846	-0.02587890625	0.0086669921875	9.806488037109375
Nexus6x07	1031806788565412	-0.0263214111328125	0.008819580078125	9.806488037109375
Nexus6x07	1031806793020978	-0.0263214111328125	0.0086669921875	9.806488037109375
Nexus6x07	1031806797476545	-0.0266265869140625	0.0086669921875	9.806488037109375
Nexus6x07	1031806801932111	-0.0264739990234375	0.008819580078125	9.806488037109375
Nexus6x07	1031806806418195	-0.0267791748046875	0.0086669921875	9.806488037109375
Nexus6x07	1031806810873762	-0.0267791748046875	0.008514404296875	9.806488037109375
Nexus6x07	1031806815329328	-0.02587890625	0.0086669921875	9.806488037109375
Nexus6x07	1031806819784894	-0.02587890625	0.008819580078125	9.806488037109375
Nexus6x07	1031806824240461	-0.02618408203125	0.00897216796875	9.806488037109375
Nexus6x07	1031806828726545	-0.0267791748046875	0.008819580078125	9.806488037109375
Nexus6x07	1031806833182111	-0.0266265869140625	0.00897216796875	9.806488037109375
Nexus6x07	1031806837637678	-0.0269317626953125	0.0083770751953125	9.806488037109375
Nexus6x07	1031806842093244	-0.0267791748046875	0.008514404296875	9.806488037109375
Nexus6x07	1031806846548810	-0.0272216796875	0.0086669921875	9.806488037109375
Nexus6x07	1031806851034894	-0.02752685546875	0.008819580078125	9.806488037109375
Nexus6x07	1031806855490461	-0.02783203125	0.00897216796875	9.806488037109375
Nexus6x07	1031806859946027	-0.0272216796875	0.008819580078125	9.806488037109375
Nexus6x07	1031806864401594	-0.0272216796875	0.009124755859375	9.806488037109375
Nexus6x07	1031806868857160	-0.0270843505859375	0.00897216796875	9.806488037109375
Nexus6x07	1031806873343244	-0.0269317626953125	0.00897216796875	9.806488037109375
Nexus6x07	1031806877798810	-0.0270843505859375	0.009124755859375	9.806488037109375
Nexus6x07	1031806882254377	-0.0270843505859375	0.00897216796875	9.806488037109375
Nexus6x07	1031806886709943	-0.0272216796875	0.00897216796875	9.806488037109375
Nexus6x07	1031806891165510	-0.02587890625	0.0086669921875	9.806488037109375
Nexus6x07	1031806895651594	-0.0252838134765625	0.008819580078125	9.806488037109375
Nexus6x07	1031806900107160	-0.0254364013671875	0.0086669921875	9.806488037109375
Nexus6x07	1031806904562727	-0.024688720703125	0.008514404296875	9.806488037109375
Nexus6x07	1031806909018293	-0.0248260498046875	0.0086669921875	9.806488037109375
Nexus6x07	1031806913473859	-0.0248260498046875	0.008514404296875	9.806488037109375
Nexus6x07	1031806917959943	-0.0252838134765625	0.008514404296875	9.806488037109375
Nexus6x07	1031806922415510	-0.0252838134765625	0.0086669921875	9.806488037109375
Nexus6x07	1031806926871076	-0.02587890625	0.0086669921875	9.806488037109375
Nexus6x07	1031806931326643	-0.02618408203125	0.00897216796875	9.806488037109375
Nexus6x07	1031806935782209	-0.0263214111328125	0.0086669921875	9.806488037109375
Nexus6x07	1031806940268293	-0.0263214111328125	0.0086669921875	9.806488037109375
Nexus6x07	1031806944723859	-0.025726318359375	0.00897216796875	9.806488037109375
Nexus6x07	1031806949179426	-0.025726318359375	0.00897216796875	9.806488037109375
Nexus6x07	1031806953634992	-0.0254364013671875	0.00897216796875	9.806488037109375
Nexus6x07	1031806958090559	-0.02557373046875	0.009124755859375	9.806488037109375
Nexus6x07	1031806962576643	-0.02557373046875	0.00927734375	9.806488037109375
Nexus6x07	1031806967032209	-0.024383544921875	0.0086669921875	9.806488037109375
Nexus6x07	1031806971487775	-0.024688720703125	0.008819580078125	9.806488037109375
Nexus6x07	1031806975943342	-0.0249786376953125	0.008819580078125	9.806488037109375
Nexus6x07	1031806980429426	-0.0254364013671875	0.0086669921875	9.806488037109375
Nexus6x07	1031806984884992	-0.0252838134765625	0.0086669921875	9.806488037109375
Nexus6x07	1031806989340559	-0.0236358642578125	0.0086669921875	9.806488037109375
Nexus6x07	1031806993796125	-0.023040771484375	0.00927734375	9.806488037109375
Nexus6x07	1031806998251691	-0.0233306884765625	0.00927734375	9.806488037109375
Nexus6x07	1031807002737775	-0.0236358642578125	0.009124755859375	9.806488037109375
Nexus6x07	1031807007193342	-0.0237884521484375	0.00897216796875	9.806488037109375
Nexus6x07	1031807011648908	-0.0239410400390625	0.00897216796875	9.806488037109375
Nexus6x07	1031807016104475	-0.0236358642578125	0.009124755859375	9.806488037109375
Nexus6x07	1031807020560041	-0.0234832763671875	0.00927734375	9.806488037109375
Nexus6x07	1031807025046125	-0.0237884521484375	0.00927734375	9.806488037109375
Nexus6x07	1031807029501691	-0.022735595703125	0.0100250244140625	9.806488037109375
Nexus6x07	1031807033957258	-0.022735595703125	0.010162353515625	9.806488037109375
Nexus6x07	1031807038412824	-0.0218353271484375	0.010467529296875	9.806488037109375
Nexus6x07	1031807042868391	-0.0221405029296875	0.010467529296875	9.806488037109375
Nexus6x07	1031807047354475	-0.02154541015625	0.0112152099609375	9.806488037109375
Nexus6x07	1031807051810041	-0.0219879150390625	0.0113677978515625	9.806488037109375
Nexus6x07	1031807056265607	-0.0222930908203125	0.0113677978515625	9.806488037109375
Nexus6x07	1031807060721174	-0.022430419921875	0.0113677978515625	9.806488037109375
Nexus6x07	1031807065176740	-0.0222930908203125	0.0115203857421875	9.806488037109375
Nexus6x07	1031807069662824	-0.0222930908203125	0.01165771484375	9.806488037109375
Nexus6x07	1031807074118391	-0.0222930908203125	0.01165771484375	9.806488037109375
Nexus6x07	1031807078573957	-0.021392822265625	0.0112152099609375	9.806488037109375
Nexus6x07	1031807083029523	-0.0206451416015625	0.011962890625	9.806488037109375
Nexus6x07	1031807087485090	-0.02093505859375	0.011962890625	9.806488037109375
Nexus6x07	1031807091971174	-0.021087646484375	0.011810302734375	9.806488037109375
Nexus6x07	1031807096426740	-0.0219879150390625	0.012115478515625	9.806488037109375
Nexus6x07	1031807100882307	-0.0221405029296875	0.011810302734375	9.806488037109375
Nexus6x07	1031807105337873	-0.0222930908203125	0.011810302734375	9.806488037109375
Nexus6x07	1031807109793439	-0.022430419921875	0.011962890625	9.806488037109375
Nexus6x07	1031807114279523	-0.022735595703125	0.011962890625	9.806488037109375
Nexus6x07	1031807118735090	-0.023193359375	0.01226806640625	9.806488037109375
Nexus6x07	1031807123190656	-0.023040771484375	0.0125579833984375	9.806488037109375
Nexus6x07	1031807127646223	-0.0219879150390625	0.0130157470703125	9.806488037109375
Nexus6x07	1031807132101789	-0.021087646484375	0.01226806640625	9.806488037109375
Nexus6x07	1031807136587873	-0.0204925537109375	0.01226806640625	9.806488037109375
Nexus6x07	1031807141043439	-0.0206451416015625	0.012115478515625	9.806488037109375
Nexus6x07	1031807145499006	-0.0207977294921875	0.012115478515625	9.806488037109375
Nexus6x07	1031807149954572	-0.021392822265625	0.011962890625	9.806488037109375
Nexus6x07	1031807154410139	-0.02154541015625	0.0125579833984375	9.806488037109375
Nexus6x07	1031807158896223	-0.0216827392578125	0.0127105712890625	9.806488037109375
Nexus6x07	1031807163351789	-0.0219879150390625	0.0130157470703125	9.806488037109375
Nexus6x07	1031807167807355	-0.0221405029296875	0.0127105712890625	9.806488037109375
Nexus6x07	1031807172262922	-0.022430419921875	0.0128631591796875	9.806488037109375
Nexus6x07	1031807176718488	-0.02154541015625	0.013458251953125	9.806488037109375
Nexus6x07	1031807181204572	-0.0221405029296875	0.01361083984375	9.806488037109375
Nexus6x07	1031807185660139	-0.0225830078125	0.01361083984375	9.806488037109375
Nexus6x07	1031807190115705	-0.023040771484375	0.013763427734375	9.806488037109375
Nexus6x07	1031807194571271	-0.0219879150390625	0.0130157470703125	9.806488037109375
Nexus6x07	1031807199026838	-0.0225830078125	0.0130157470703125	9.806488037109375
Nexus6x07	1031807203512922	-0.0222930908203125	0.013458251953125	9.806488037109375
Nexus6x07	1031807207968488	-0.023040771484375	0.01361083984375	9.806488037109375
Nexus6x07	1031807212424055	-0.023193359375	0.013458251953125	9.806488037109375
Nexus6x07	1031807216879621	-0.0234832763671875	0.013458251953125	9.806488037109375
Nexus6x07	1031807221335187	-0.0233306884765625	0.013763427734375	9.806488037109375
Nexus6x07	1031807225821271	-0.023193359375	0.013916015625	9.806488037109375
Nexus6x07	1031807230276838	-0.0234832763671875	0.013763427734375	9.806488037109375
Nexus6x07	1031807234732404	-0.0237884521484375	0.013916015625	9.806488037109375
Nexus6x07	1031807239187971	-0.0237884521484375	0.0140533447265625	9.806488037109375
Nexus6x07	1031807243643537	-0.023193359375	0.013458251953125	9.806488037109375
Nexus6x07	1031807248129621	-0.0234832763671875	0.013458251953125	9.806488037109375
Nexus6x07	1031807252585187	-0.0233306884765625	0.013458251953125	9.806488037109375
Nexus6x07	1031807257040754	-0.0237884521484375	0.013458251953125	9.806488037109375
Nexus6x07	1031807261496320	-0.023193359375	0.013153076171875	9.806488037109375
Nexus6x07	1031807265951887	-0.023040771484375	0.013153076171875	9.806488037109375
Nexus6x07	1031807270437971	-0.0236358642578125	0.0128631591796875	9.806488037109375
Nexus6x07	1031807274893537	-0.0236358642578125	0.01361083984375	9.806488037109375
Nexus6x07	1031807279349103	-0.0233306884765625	0.013763427734375	9.806488037109375
Nexus6x07	1031807283804670	-0.0236358642578125	0.01361083984375	9.806488037109375
Nexus6x07	1031807288260236	-0.024078369140625	0.01361083984375	9.806488037109375
Nexus6x07	1031807292746320	-0.024078369140625	0.013153076171875	9.806488037109375
Nexus6x07	1031807297201887	-0.024383544921875	0.013458251953125	9.806488037109375
Nexus6x07	1031807301657453	-0.0248260498046875	0.013458251953125	9.806488037109375
Nexus6x07	1031807306113019	-0.024688720703125	0.013763427734375	9.806488037109375
Nexus6x07	1031807310568586	-0.0245361328125	0.0140533447265625	9.806488037109375
Nexus6x07	1031807315054670	-0.0248260498046875	0.0143585205078125	9.806488037109375
Nexus6x07	1031807319510236	-0.024688720703125	0.0146636962890625	9.806488037109375
Nexus6x07	1031807323965803	-0.024688720703125	0.0146636962890625	9.806488037109375
Nexus6x07	1031807328421369	-0.0249786376953125	0.015106201171875	9.806488037109375
Nexus6x07	1031807332876935	-0.0252838134765625	0.015106201171875	9.806488037109375
Nexus6x07	1031807337363019	-0.025726318359375	0.015106201171875	9.806488037109375
Nexus6x07	1031807341818586	-0.0263214111328125	0.01495361328125	9.806488037109375
Nexus6x07	1031807346274152	-0.0267791748046875	0.01495361328125	9.806488037109375
Nexus6x07	1031807350729719	-0.0269317626953125	0.014801025390625	9.806488037109375
Nexus6x07	1031807355185285	-0.0272216796875	0.01495361328125	9.806488037109375
Nexus6x07	1031807359671369	-0.0272216796875	0.014801025390625	9.806488037109375
Nexus6x07	1031807364126935	-0.0269317626953125	0.0145111083984375	9.806488037109375
Nexus6x07	1031807368582502	-0.0267791748046875	0.0146636962890625	9.806488037109375
Nexus6x07	1031807373038068	-0.0267791748046875	0.014801025390625	9.806488037109375
Nexus6x07	1031807377493635	-0.0270843505859375	0.0146636962890625	9.806488037109375
Nexus6x07	1031807381979719	-0.02752685546875	0.014801025390625	9.806488037109375
Nexus6x07	1031807386435285	-0.0270843505859375	0.015106201171875	9.806488037109375
Nexus6x07	1031807390890852	-0.0266265869140625	0.0146636962890625	9.806488037109375
Nexus6x07	1031807395346418	-0.0269317626953125	0.014801025390625	9.806488037109375
Nexus6x07	1031807399801984	-0.0272216796875	0.01495361328125	9.806488037109375
Nexus6x07	1031807404288068	-0.0272216796875	0.0145111083984375	9.806488037109375
Nexus6x07	1031807408743635	-0.027679443359375	0.015106201171875	9.806488037109375
Nexus6x07	1031807413199201	-0.02783203125	0.015106201171875	9.806488037109375
Nexus6x07	1031807417654768	-0.0279693603515625	0.0155487060546875	9.806488037109375
Nexus6x07	1031807422110334	-0.0285797119140625	0.0155487060546875	9.806488037109375
Nexus6x07	1031807426596418	-0.0285797119140625	0.0155487060546875	9.806488037109375
Nexus6x07	1031807431051984	-0.028717041015625	0.0158538818359375	9.806488037109375
Nexus6x07	1031807435507551	-0.029327392578125	0.0160064697265625	9.806488037109375
Nexus6x07	1031807439963117	-0.0296173095703125	0.0161590576171875	9.806488037109375
Nexus6x07	1031807444418684	-0.0297698974609375	0.0161590576171875	9.806488037109375
Nexus6x07	1031807448904768	-0.0297698974609375	0.01629638671875	9.806488037109375
Nexus6x07	1031807453360334	-0.0296173095703125	0.016448974609375	9.806488037109375
Nexus6x07	1031807457815900	-0.0294647216796875	0.0166015625	9.806488037109375
Nexus6x07	1031807462271467	-0.029327392578125	0.016754150390625	9.806488037109375
Nexus6x07	1031807466727033	-0.029327392578125	0.0170440673828125	9.806488037109375
Nexus6x07	1031807471213117	-0.029327392578125	0.0170440673828125	9.806488037109375
Nexus6x07	1031807475668684	-0.0296173095703125	0.0171966552734375	9.806488037109375
Nexus6x07	1031807480124250	-0.0299224853515625	0.0173492431640625	9.806488037109375
Nexus6x07	1031807484579816	-0.03021240234375	0.0171966552734375	9.806488037109375
Nexus6x07	1031807489035383	-0.030364990234375	0.0173492431640625	9.806488037109375
Nexus6x07	1031807493521467	-0.030364990234375	0.0175018310546875	9.806488037109375
Nexus6x07	1031807497977033	-0.030517578125	0.0175018310546875	9.806488037109375
Nexus6x07	1031807502432600	-0.030670166015625	0.0173492431640625	9.806488037109375
Nexus6x07	1031807506888166	-0.03082275390625	0.0175018310546875	9.806488037109375
Nexus6x07	1031807511343732	-0.0311126708984375	0.017791748046875	9.806488037109375
Nexus6x07	1031807515829816	-0.0314178466796875	0.017791748046875	9.806488037109375
Nexus6x07	1031807520285383	-0.0315704345703125	0.018096923828125	9.806488037109375
Nexus6x07	1031807524740949	-0.0318603515625	0.01824951171875	9.806488037109375
Nexus6x07	1031807529196516	-0.0317230224609375	0.018402099609375	9.806488037109375
Nexus6x07	1031807533652082	-0.0318603515625	0.018402099609375	9.806488037109375
Nexus6x07	1031807538138166	-0.0318603515625	0.0188446044921875	9.806488037109375
Nexus6x07	1031807542593732	-0.03216552734375	0.0189971923828125	9.806488037109375
Nexus6x07	1031807547049299	-0.0326080322265625	0.0189971923828125	9.806488037109375
Nexus6x07	1031807551504865	-0.0327606201171875	0.0193023681640625	9.806488037109375
Nexus6x07	1031807555960432	-0.0329132080078125	0.0193023681640625	9.806488037109375
Nexus6x07	1031807560446516	-0.0326080322265625	0.0191497802734375	9.806488037109375
Nexus6x07	1031807564902082	-0.032470703125	0.019439697265625	9.806488037109375
Nexus6x07	1031807569357648	-0.0326080322265625	0.0193023681640625	9.806488037109375
Nexus6x07	1031807573813215	-0.0326080322265625	0.0193023681640625	9.806488037109375
Nexus6x07	1031807578268781	-0.0329132080078125	0.0186920166015625	9.806488037109375
Nexus6x07	1031807582754865	-0.0330657958984375	0.0186920166015625	9.806488037109375
Nexus6x07	1031807587210432	-0.0330657958984375	0.0188446044921875	9.806488037109375
Nexus6x07	1031807591665998	-0.0330657958984375	0.0188446044921875	9.806488037109375
Nexus6x07	1031807596121564	-0.0330657958984375	0.0186920166015625	9.806488037109375
Nexus6x07	1031807600577131	-0.0332183837890625	0.0185546875	9.806488037109375
Nexus6x07	1031807605063215	-0.0330657958984375	0.0189971923828125	9.806488037109375
Nexus6x07	1031807609518781	-0.03350830078125	0.0185546875	9.806488037109375
Nexus6x07	1031807613974348	-0.0332183837890625	0.0186920166015625	9.806488037109375
Nexus6x07	1031807618429914	-0.033355712890625	0.0185546875	9.806488037109375
Nexus6x07	1031807622885480	-0.033355712890625	0.0185546875	9.806488037109375
Nexus6x07	1031807627371564	-0.0332183837890625	0.019744873046875	9.806488037109375
Nexus6x07	1031807631827131	-0.0327606201171875	0.0207977294921875	9.806488037109375
Nexus6x07	1031807636282697	-0.0327606201171875	0.0206451416015625	9.806488037109375
Nexus6x07	1031807640738264	-0.0329132080078125	0.02093505859375	9.806488037109375
Nexus6x07	1031807645193830	-0.032012939453125	0.02154541015625	9.806488037109375
Nexus6x07	1031807649679914	-0.03216552734375	0.021392822265625	9.806488037109375
Nexus6x07	1031807654135480	-0.03216552734375	0.021392822265625	9.806488037109375
Nexus6x07	1031807658591047	-0.03216552734375	0.021392822265625	9.806488037109375
Nexus6x07	1031807663046613	-0.03216552734375	0.021087646484375	9.806488037109375
Nexus6x07	1031807667502180	-0.0326080322265625	0.021087646484375	9.806488037109375
Nexus6x07	1031807671988264	-0.0327606201171875	0.0206451416015625	9.806488037109375
Nexus6x07	1031807676443830	-0.0329132080078125	0.0204925537109375	9.806488037109375
Nexus6x07	1031807680899396	-0.0332183837890625	0.0204925537109375	9.806488037109375
Nexus6x07	1031807685354963	-0.032318115234375	0.0206451416015625	9.806488037109375
Nexus6x07	1031807689810529	-0.032470703125	0.0204925537109375	9.806488037109375
Nexus6x07	1031807694296613	-0.0329132080078125	0.0203399658203125	9.806488037109375
Nexus6x07	1031807698752180	-0.033660888671875	0.0201873779296875	9.806488037109375
Nexus6x07	1031807703207746	-0.033966064453125	0.020050048828125	9.806488037109375
Nexus6x07	1031807707663312	-0.033660888671875	0.0203399658203125	9.806488037109375
Nexus6x07	1031807712118879	-0.03350830078125	0.0204925537109375	9.806488037109375
Nexus6x07	1031807716604963	-0.03350830078125	0.0206451416015625	9.806488037109375
Nexus6x07	1031807721060529	-0.033355712890625	0.021087646484375	9.806488037109375
Nexus6x07	1031807725516096	-0.03350830078125	0.021392822265625	9.806488037109375
Nexus6x07	1031807729971662	-0.0338134765625	0.021240234375	9.806488037109375
Nexus6x07	1031807734427228	-0.0341033935546875	0.021392822265625	9.806488037109375
Nexus6x07	1031807738913312	-0.0341033935546875	0.02154541015625	9.806488037109375
Nexus6x07	1031807743368879	-0.0341033935546875	0.0216827392578125	9.806488037109375
Nexus6x07	1031807747824445	-0.0342559814453125	0.0216827392578125	9.806488037109375
Nexus6x07	1031807752280012	-0.0341033935546875	0.0218353271484375	9.806488037109375
Nexus6x07	1031807756766096	-0.0345611572265625	0.0216827392578125	9.806488037109375
Nexus6x07	1031807761221662	-0.0347137451171875	0.0218353271484375	9.806488037109375
Nexus6x07	1031807765677228	-0.0347137451171875	0.0219879150390625	9.806488037109375
Nexus6x07	1031807770132795	-0.0345611572265625	0.0218353271484375	9.806488037109375
Nexus6x07	1031807774588361	-0.0347137451171875	0.0218353271484375	9.806488037109375
Nexus6x07	1031807779074445	-0.03485107421875	0.02154541015625	9.806488037109375
Nexus6x07	1031807783530012	-0.035003662109375	0.02154541015625	9.806488037109375
Nexus6x07	1031807787985578	-0.035308837890625	0.021392822265625	9.806488037109375
Nexus6x07	1031807792441144	-0.035003662109375	0.02154541015625	9.806488037109375
Nexus6x07	1031807796896711	-0.03485107421875	0.021240234375	9.806488037109375
Nexus6x07	1031807801382795	-0.035308837890625	0.021240234375	9.806488037109375
Nexus6x07	1031807805838361	-0.0355987548828125	0.0207977294921875	9.806488037109375
Nexus6x07	1031807810293928	-0.03515625	0.0218353271484375	9.806488037109375
Nexus6x07	1031807814749494	-0.035308837890625	0.0219879150390625	9.806488037109375
Nexus6x07	1031807819205060	-0.0357513427734375	0.022430419921875	9.806488037109375
Nexus6x07	1031807823691144	-0.0357513427734375	0.022430419921875	9.806488037109375
Nexus6x07	1031807828146711	-0.0357513427734375	0.023040771484375	9.806488037109375
Nexus6x07	1031807832602277	-0.0357513427734375	0.0233306884765625	9.806488037109375
Nexus6x07	1031807837057844	-0.0357513427734375	0.0234832763671875	9.806488037109375
Nexus6x07	1031807841513410	-0.0344085693359375	0.023193359375	9.806488037109375
Nexus6x07	1031807845999494	-0.0347137451171875	0.023193359375	9.806488037109375
Nexus6x07	1031807850455060	-0.0364990234375	0.0222930908203125	9.806488037109375
Nexus6x07	1031807854910627	-0.036651611328125	0.0225830078125	9.806488037109375
Nexus6x07	1031807859366193	-0.03680419921875	0.02288818359375	9.806488037109375
Nexus6x07	1031807863821760	-0.03680419921875	0.023193359375	9.806488037109375
Nexus6x07	1031807868307844	-0.0357513427734375	0.024383544921875	9.806488037109375
Nexus6x07	1031807872763410	-0.0359039306640625	0.0239410400390625	9.806488037109375
Nexus6x07	1031807877218977	-0.0359039306640625	0.02423095703125	9.806488037109375
Nexus6x07	1031807881674543	-0.0357513427734375	0.0239410400390625	9.806488037109375
Nexus6x07	1031807886130109	-0.0359039306640625	0.02423095703125	9.806488037109375
Nexus6x07	1031807890616193	-0.0360565185546875	0.024383544921875	9.806488037109375
Nexus6x07	1031807895071760	-0.0364990234375	0.024383544921875	9.806488037109375
Nexus6x07	1031807899527326	-0.0360565185546875	0.024688720703125	9.806488037109375
Nexus6x07	1031807903982893	-0.0363616943359375	0.0249786376953125	9.806488037109375
Nexus6x07	1031807908438459	-0.0364990234375	0.0248260498046875	9.806488037109375
Nexus6x07	1031807912924543	-0.036651611328125	0.024688720703125	9.806488037109375
Nexus6x07	1031807917380109	-0.0363616943359375	0.0249786376953125	9.806488037109375
Nexus6x07	1031807921835676	-0.0362091064453125	0.0248260498046875	9.806488037109375
Nexus6x07	1031807926291242	-0.0360565185546875	0.0248260498046875	9.806488037109375
Nexus6x07	1031807930746809	-0.0362091064453125	0.0249786376953125	9.806488037109375
Nexus6x07	1031807935232893	-0.0360565185546875	0.0249786376953125	9.806488037109375
Nexus6x07	1031807939688459	-0.0360565185546875	0.0252838134765625	9.806488037109375
Nexus6x07	1031807944144025	-0.0360565185546875	0.02557373046875	9.806488037109375
Nexus6x07	1031807948599592	-0.0363616943359375	0.02557373046875	9.806488037109375
Nexus6x07	1031807953055158	-0.0362091064453125	0.02587890625	9.806488037109375
Nexus6x07	1031807957541242	-0.0364990234375	0.025726318359375	9.806488037109375
Nexus6x07	1031807961996809	-0.036651611328125	0.026031494140625	9.806488037109375
Nexus6x07	1031807966452375	-0.036651611328125	0.0263214111328125	9.806488037109375
Nexus6x07	1031807970907941	-0.03680419921875	0.02618408203125	9.806488037109375
Nexus6x07	1031807975363508	-0.036956787109375	0.0263214111328125	9.806488037109375
Nexus6x07	1031807979849592	-0.037109375	0.026031494140625	9.806488037109375
Nexus6x07	1031807984305158	-0.0373992919921875	0.02587890625	9.806488037109375
Nexus6x07	1031807988760725	-0.0378570556640625	0.025726318359375	9.806488037109375
Nexus6x07	1031807993216291	-0.03814697265625	0.0254364013671875	9.806488037109375
Nexus6x07	1031807997671857	-0.03680419921875	0.02587890625	9.806488037109375
Nexus6x07	1031808002157941	-0.036956787109375	0.02587890625	9.806488037109375
Nexus6x07	1031808006613508	-0.0372467041015625	0.025726318359375	9.806488037109375
Nexus6x07	1031808011069074	-0.0372467041015625	0.02587890625	9.806488037109375
Nexus6x07	1031808015524641	-0.0373992919921875	0.025726318359375	9.806488037109375
Nexus6x07	1031808019980207	-0.0362091064453125	0.0263214111328125	9.806488037109375
Nexus6x07	1031808024466291	-0.0364990234375	0.0263214111328125	9.806488037109375
Nexus6x07	1031808028921857	-0.0360565185546875	0.0270843505859375	9.806488037109375
Nexus6x07	1031808033377424	-0.0360565185546875	0.027374267578125	9.806488037109375
Nexus6x07	1031808037832990	-0.036651611328125	0.02752685546875	9.806488037109375
Nexus6x07	1031808042288557	-0.037109375	0.02752685546875	9.806488037109375
Nexus6x07	1031808046774641	-0.0373992919921875	0.027679443359375	9.806488037109375
Nexus6x07	1031808051230207	-0.0373992919921875	0.027679443359375	9.806488037109375
Nexus6x07	1031808055685773	-0.0372467041015625	0.027374267578125	9.806488037109375
Nexus6x07	1031808060141340	-0.0375518798828125	0.027374267578125	9.806488037109375
Nexus6x07	1031808064596906	-0.0373992919921875	0.027374267578125	9.806488037109375
Nexus6x07	1031808069082990	-0.0372467041015625	0.0270843505859375	9.806488037109375
Nexus6x07	1031808073538557	-0.0357513427734375	0.02752685546875	9.806488037109375
Nexus6x07	1031808077994123	-0.0359039306640625	0.0269317626953125	9.806488037109375
Nexus6x07	1031808082449689	-0.0359039306640625	0.0267791748046875	9.806488037109375
Nexus6x07	1031808086905256	-0.0357513427734375	0.0264739990234375	9.806488037109375
Nexus6x07	1031808091391340	-0.03485107421875	0.0263214111328125	9.806488037109375
Nexus6x07	1031808095846906	-0.035308837890625	0.0264739990234375	9.806488037109375
Nexus6x07	1031808100302473	-0.035308837890625	0.0267791748046875	9.806488037109375
Nexus6x07	1031808104758039	-0.0355987548828125	0.025726318359375	9.806488037109375
Nexus6x07	1031808109213605	-0.0359039306640625	0.025726318359375	9.806488037109375
Nexus6x07	1031808113699689	-0.0355987548828125	0.0254364013671875	9.806488037109375
Nexus6x07	1031808118155256	-0.03546142578125	0.0251312255859375	9.806488037109375
Nexus6x07	1031808122610822	-0.03515625	0.0251312255859375	9.806488037109375
Nexus6x07	1031808127066389	-0.035308837890625	0.0252838134765625	9.806488037109375
Nexus6x07	1031808131521955	-0.035308837890625	0.0249786376953125	9.806488037109375
Nexus6x07	1031808136008039	-0.0355987548828125	0.0249786376953125	9.806488037109375
Nexus6x07	1031808140463605	-0.03546142578125	0.0249786376953125	9.806488037109375
Nexus6x07	1031808144919172	-0.035308837890625	0.0248260498046875	9.806488037109375
Nexus6x07	1031808149374738	-0.03546142578125	0.0251312255859375	9.806488037109375
Nexus6x07	1031808153830305	-0.0359039306640625	0.0251312255859375	9.806488037109375
Nexus6x07	1031808158316389	-0.0363616943359375	0.0254364013671875	9.806488037109375
Nexus6x07	1031808162771955	-0.0363616943359375	0.02587890625	9.806488037109375
Nexus6x07	1031808167227521	-0.03680419921875	0.025726318359375	9.806488037109375
Nexus6x07	1031808171683088	-0.036956787109375	0.025726318359375	9.806488037109375
Nexus6x07	1031808176138654	-0.03680419921875	0.0254364013671875	9.806488037109375
Nexus6x07	1031808180624738	-0.03680419921875	0.0252838134765625	9.806488037109375
Nexus6x07	1031808185080305	-0.0372467041015625	0.0252838134765625	9.806488037109375
Nexus6x07	1031808189535871	-0.0373992919921875	0.0251312255859375	9.806488037109375
Nexus6x07	1031808193991437	-0.0377044677734375	0.0254364013671875	9.806488037109375
Nexus6x07	1031808198447004	-0.0377044677734375	0.0249786376953125	9.806488037109375
Nexus6x07	1031808202933088	-0.0377044677734375	0.0248260498046875	9.806488037109375
Nexus6x07	1031808207388654	-0.0378570556640625	0.0252838134765625	9.806488037109375
Nexus6x07	1031808211844221	-0.038299560546875	0.0251312255859375	9.806488037109375
Nexus6x07	1031808216299787	-0.0384521484375	0.0251312255859375	9.806488037109375
Nexus6x07	1031808220755353	-0.038604736328125	0.0251312255859375	9.806488037109375
Nexus6x07	1031808225241437	-0.0387420654296875	0.0251312255859375	9.806488037109375
Nexus6x07	1031808229697004	-0.0388946533203125	0.0251312255859375	9.806488037109375
Nexus6x07	1031808234152570	-0.0390472412109375	0.0251312255859375	9.806488037109375
Nexus6x07	1031808238608137	-0.0387420654296875	0.0251312255859375	9.806488037109375
Nexus6x07	1031808243063703	-0.0387420654296875	0.0249786376953125	9.806488037109375
Nexus6x07	1031808247549787	-0.0387420654296875	0.0252838134765625	9.806488037109375
Nexus6x07	1031808252005353	-0.038604736328125	0.0249786376953125	9.806488037109375
Nexus6x07	1031808256460920	-0.03814697265625	0.0245361328125	9.806488037109375
Nexus6x07	1031808260916486	-0.0378570556640625	0.024688720703125	9.806488037109375
Nexus6x07	1031808265372053	-0.03814697265625	0.024688720703125	9.806488037109375
Nexus6x07	1031808269858137	-0.0384521484375	0.0248260498046875	9.806488037109375
Nexus6x07	1031808274313703	-0.0387420654296875	0.024688720703125	9.806488037109375
Nexus6x07	1031808278769269	-0.0388946533203125	0.0248260498046875	9.806488037109375
Nexus6x07	1031808283224836	-0.0391998291015625	0.0245361328125	9.806488037109375
Nexus6x07	1031808287680402	-0.0390472412109375	0.024383544921875	9.806488037109375
Nexus6x07	1031808292166486	-0.0384521484375	0.0252838134765625	9.806488037109375
Nexus6x07	1031808296622053	-0.038604736328125	0.0252838134765625	9.806488037109375
Nexus6x07	1031808301077619	-0.0390472412109375	0.0252838134765625	9.806488037109375
Nexus6x07	1031808305533185	-0.038299560546875	0.0245361328125	9.806488037109375
Nexus6x07	1031808309988752	-0.0373992919921875	0.024688720703125	9.806488037109375
Nexus6x07	1031808314474836	-0.0375518798828125	0.0249786376953125	9.806488037109375
Nexus6x07	1031808318930402	-0.0378570556640625	0.0248260498046875	9.806488037109375
Nexus6x07	1031808323385969	-0.0378570556640625	0.024688720703125	9.806488037109375
Nexus6x07	1031808327841535	-0.0384521484375	0.0245361328125	9.806488037109375
Nexus6x07	1031808332297102	-0.0373992919921875	0.0239410400390625	9.806488037109375
Nexus6x07	1031808336783185	-0.0375518798828125	0.024078369140625	9.806488037109375
Nexus6x07	1031808341238752	-0.0375518798828125	0.0237884521484375	9.806488037109375
Nexus6x07	1031808345694318	-0.0364990234375	0.024688720703125	9.806488037109375
Nexus6x07	1031808350149885	-0.0363616943359375	0.0252838134765625	9.806488037109375
Nexus6x07	1031808354605451	-0.0359039306640625	0.0252838134765625	9.806488037109375
Nexus6x07	1031808359091535	-0.0357513427734375	0.0252838134765625	9.806488037109375
Nexus6x07	1031808363547102	-0.0363616943359375	0.0249786376953125	9.806488037109375
Nexus6x07	1031808368002668	-0.0363616943359375	0.024688720703125	9.806488037109375
Nexus6x07	1031808372458234	-0.0363616943359375	0.0248260498046875	9.806488037109375
Nexus6x07	1031808376913801	-0.0363616943359375	0.0249786376953125	9.806488037109375
Nexus6x07	1031808381399885	-0.036956787109375	0.024688720703125	9.806488037109375
Nexus6x07	1031808385855451	-0.0373992919921875	0.0245361328125	9.806488037109375
Nexus6x07	1031808390311018	-0.037109375	0.02423095703125	9.806488037109375
Nexus6x07	1031808394766584	-0.036956787109375	0.02423095703125	9.806488037109375
Nexus6x07	1031808399222150	-0.0373992919921875	0.02423095703125	9.806488037109375
Nexus6x07	1031808403708234	-0.0373992919921875	0.0245361328125	9.806488037109375
Nexus6x07	1031808408163801	-0.0375518798828125	0.0234832763671875	9.806488037109375
Nexus6x07	1031808412619367	-0.0375518798828125	0.0233306884765625	9.806488037109375
Nexus6x07	1031808417074934	-0.0377044677734375	0.0236358642578125	9.806488037109375
Nexus6x07	1031808421530500	-0.036651611328125	0.0237884521484375	9.806488037109375
Nexus6x07	1031808426016584	-0.036651611328125	0.0236358642578125	9.806488037109375
Nexus6x07	1031808430472150	-0.036651611328125	0.0234832763671875	9.806488037109375
Nexus6x07	1031808434927717	-0.03680419921875	0.0234832763671875	9.806488037109375
Nexus6x07	1031808439383283	-0.0360565185546875	0.02423095703125	9.806488037109375
Nexus6x07	1031808443838850	-0.0362091064453125	0.024078369140625	9.806488037109375
Nexus6x07	1031808448324934	-0.0364990234375	0.02423095703125	9.806488037109375
Nexus6x07	1031808452780500	-0.0364990234375	0.0245361328125	9.806488037109375
Nexus6x07	1031808457236066	-0.036651611328125	0.024383544921875	9.806488037109375
Nexus6x07	1031808461691633	-0.036651611328125	0.0245361328125	9.806488037109375
Nexus6x07	1031808466147199	-0.03680419921875	0.02423095703125	9.806488037109375
Nexus6x07	1031808470633283	-0.037109375	0.024078369140625	9.806488037109375
Nexus6x07	1031808475088850	-0.0375518798828125	0.0239410400390625	9.806488037109375
Nexus6x07	1031808479544416	-0.0375518798828125	0.0236358642578125	9.806488037109375
Nexus6x07	1031808483999982	-0.0377044677734375	0.0237884521484375	9.806488037109375
Nexus6x07	1031808488455549	-0.037994384765625	0.0239410400390625	9.806488037109375
Nexus6x07	1031808492941633	-0.036651611328125	0.0239410400390625	9.806488037109375
Nexus6x07	1031808497397199	-0.036956787109375	0.0236358642578125	9.806488037109375
Nexus6x07	1031808501852766	-0.0357513427734375	0.0239410400390625	9.806488037109375
Nexus6x07	1031808506308332	-0.03515625	0.0245361328125	9.806488037109375
Nexus6x07	1031808510763898	-0.035003662109375	0.024383544921875	9.806488037109375
Nexus6x07	1031808515249982	-0.03515625	0.0245361328125	9.806488037109375
Nexus6x07	1031808519705549	-0.035308837890625	0.024383544921875	9.806488037109375
Nexus6x07	1031808524161115	-0.035308837890625	0.02423095703125	9.806488037109375
Nexus6x07	1031808528616682	-0.0355987548828125	0.024078369140625	9.806488037109375
Nexus6x07	1031808533072248	-0.0357513427734375	0.0239410400390625	9.806488037109375
Nexus6x07	1031808537558332	-0.0359039306640625	0.0237884521484375	9.806488037109375
Nexus6x07	1031808542013898	-0.0362091064453125	0.024078369140625	9.806488037109375
Nexus6x07	1031808546469465	-0.0364990234375	0.024383544921875	9.806488037109375
Nexus6x07	1031808550925031	-0.0364990234375	0.0248260498046875	9.806488037109375
Nexus6x07	1031808555411115	-0.036651611328125	0.024688720703125	9.806488037109375
Nexus6x07	1031808559866682	-0.0364990234375	0.024688720703125	9.806488037109375
Nexus6x07	1031808564322248	-0.0347137451171875	0.0248260498046875	9.806488037109375
Nexus6x07	1031808568777814	-0.03485107421875	0.0251312255859375	9.806488037109375
Nexus6x07	1031808573233381	-0.0345611572265625	0.0249786376953125	9.806488037109375
Nexus6x07	1031808577719465	-0.033660888671875	0.0249786376953125	9.806488037109375
Nexus6x07	1031808582175031	-0.033660888671875	0.0252838134765625	9.806488037109375
Nexus6x07	1031808586630598	-0.033660888671875	0.0252838134765625	9.806488037109375
Nexus6x07	1031808591086164	-0.0341033935546875	0.0252838134765625	9.806488037109375
Nexus6x07	1031808595541730	-0.0342559814453125	0.0252838134765625	9.806488037109375
Nexus6x07	1031808600027814	-0.03485107421875	0.0245361328125	9.806488037109375
Nexus6x07	1031808604483381	-0.03485107421875	0.024688720703125	9.806488037109375
Nexus6x07	1031808608938947	-0.0347137451171875	0.0249786376953125	9.806488037109375
Nexus6x07	1031808613394514	-0.035003662109375	0.0249786376953125	9.806488037109375
Nexus6x07	1031808617850080	-0.03515625	0.0248260498046875	9.806488037109375
Nexus6x07	1031808622336164	-0.035003662109375	0.0251312255859375	9.806488037109375
Nexus6x07	1031808626791730	-0.03515625	0.0252838134765625	9.806488037109375
Nexus6x07	1031808631247297	-0.035308837890625	0.0252838134765625	9.806488037109375
Nexus6x07	1031808635702863	-0.03515625	0.0251312255859375	9.806488037109375
Nexus6x07	1031808640158430	-0.0347137451171875	0.0252838134765625	9.806488037109375
Nexus6x07	1031808644644514	-0.03515625	0.0251312255859375	9.806488037109375
Nexus6x07	1031808649100080	-0.03546142578125	0.0249786376953125	9.806488037109375
Nexus6x07	1031808653555646	-0.0355987548828125	0.0248260498046875	9.806488037109375
Nexus6x07	1031808658011213	-0.0357513427734375	0.0248260498046875	9.806488037109375
Nexus6x07	1031808662466779	-0.0359039306640625	0.0249786376953125	9.806488037109375
Nexus6x07	1031808666952863	-0.0362091064453125	0.0249786376953125	9.806488037109375
Nexus6x07	1031808671408430	-0.0363616943359375	0.0248260498046875	9.806488037109375
Nexus6x07	1031808675863996	-0.0363616943359375	0.0245361328125	9.806488037109375
Nexus6x07	1031808680319562	-0.03546142578125	0.0245361328125	9.806488037109375
Nexus6x07	1031808684775129	-0.0355987548828125	0.0245361328125	9.806488037109375
Nexus6x07	1031808689261213	-0.0362091064453125	0.0245361328125	9.806488037109375
Nexus6x07	1031808693716779	-0.0364990234375	0.024383544921875	9.806488037109375
Nexus6x07	1031808698172346	-0.036956787109375	0.02423095703125	9.806488037109375
Nexus6x07	1031808702627912	-0.037109375	0.024383544921875	9.806488037109375
Nexus6x07	1031808707083478	-0.0359039306640625	0.0237884521484375	9.806488037109375
Nexus6x07	1031808711569562	-0.0360565185546875	0.0239410400390625	9.806488037109375
Nexus6x07	1031808716025129	-0.0362091064453125	0.024078369140625	9.806488037109375
Nexus6x07	1031808720480695	-0.0364990234375	0.024383544921875	9.806488037109375
Nexus6x07	1031808724936262	-0.03680419921875	0.024078369140625	9.806488037109375
Nexus6x07	1031808729391828	-0.036956787109375	0.02423095703125	9.806488037109375
Nexus6x07	1031808733877912	-0.03680419921875	0.0237884521484375	9.806488037109375
Nexus6x07	1031808738333478	-0.03680419921875	0.0234832763671875	9.806488037109375
Nexus6x07	1031808742789045	-0.0372467041015625	0.023193359375	9.806488037109375
Nexus6x07	1031808747244611	-0.0373992919921875	0.0233306884765625	9.806488037109375
Nexus6x07	1031808751700178	-0.0378570556640625	0.023040771484375	9.806488037109375
Nexus6x07	1031808756186262	-0.038299560546875	0.023193359375	9.806488037109375
Nexus6x07	1031808760641828	-0.0384521484375	0.023193359375	9.806488037109375
Nexus6x07	1031808765097394	-0.0387420654296875	0.023040771484375	9.806488037109375
Nexus6x07	1031808769552961	-0.0388946533203125	0.023193359375	9.806488037109375
Nexus6x07	1031808774008527	-0.0391998291015625	0.023193359375	9.806488037109375
Nexus6x07	1031808778494611	-0.0393524169921875	0.02288818359375	9.806488037109375
Nexus6x07	1031808782950178	-0.0391998291015625	0.022735595703125	9.806488037109375
Nexus6x07	1031808787405744	-0.0388946533203125	0.02288818359375	9.806488037109375
Nexus6x07	1031808791861310	-0.0388946533203125	0.02288818359375	9.806488037109375
Nexus6x07	1031808796316877	-0.0387420654296875	0.023040771484375	9.806488037109375
Nexus6x07	1031808800802961	-0.0387420654296875	0.023040771484375	9.806488037109375
Nexus6x07	1031808805258527	-0.0390472412109375	0.023193359375	9.806488037109375
Nexus6x07	1031808809714094	-0.0391998291015625	0.0234832763671875	9.806488037109375
Nexus6x07	1031808814169660	-0.0391998291015625	0.0239410400390625	9.806488037109375
Nexus6x07	1031808818625227	-0.0384521484375	0.0239410400390625	9.806488037109375
Nexus6x07	1031808823111310	-0.0390472412109375	0.0236358642578125	9.806488037109375
Nexus6x07	1031808827566877	-0.039642333984375	0.0234832763671875	9.806488037109375
Nexus6x07	1031808832022443	-0.039794921875	0.0236358642578125	9.806488037109375
Nexus6x07	1031808836478010	-0.04010009765625	0.0236358642578125	9.806488037109375
Nexus6x07	1031808840933576	-0.0406951904296875	0.0234832763671875	9.806488037109375
Nexus6x07	1031808845419660	-0.0406951904296875	0.023193359375	9.806488037109375
Nexus6x07	1031808849875227	-0.0410003662109375	0.0234832763671875	9.806488037109375
Nexus6x07	1031808854330793	-0.041290283203125	0.0237884521484375	9.806488037109375
Nexus6x07	1031808858786359	-0.041595458984375	0.0237884521484375	9.806488037109375
Nexus6x07	1031808863241926	-0.0423431396484375	0.024078369140625	9.806488037109375
Nexus6x07	1031808867728010	-0.0421905517578125	0.02423095703125	9.806488037109375
Nexus6x07	1031808872183576	-0.0420379638671875	0.024383544921875	9.806488037109375
Nexus6x07	1031808876639143	-0.0423431396484375	0.024383544921875	9.806488037109375
Nexus6x07	1031808881094709	-0.0420379638671875	0.0245361328125	9.806488037109375
Nexus6x07	1031808885550275	-0.0424957275390625	0.0245361328125	9.806488037109375
Nexus6x07	1031808890036359	-0.0424957275390625	0.0245361328125	9.806488037109375
Nexus6x07	1031808894491926	-0.0430908203125	0.0248260498046875	9.806488037109375
Nexus6x07	1031808898947492	-0.042938232421875	0.0248260498046875	9.806488037109375
Nexus6x07	1031808903403059	-0.042633056640625	0.0236358642578125	9.806488037109375
Nexus6x07	1031808907858625	-0.0423431396484375	0.0236358642578125	9.806488037109375
Nexus6x07	1031808912344709	-0.0421905517578125	0.0237884521484375	9.806488037109375
Nexus6x07	1031808916800275	-0.0420379638671875	0.0236358642578125	9.806488037109375
Nexus6x07	1031808921255842	-0.0423431396484375	0.0237884521484375	9.806488037109375
Nexus6x07	1031808925711408	-0.0423431396484375	0.0237884521484375	9.806488037109375
Nexus6x07	1031808930166975	-0.0421905517578125	0.0236358642578125	9.806488037109375
Nexus6x07	1031808934653059	-0.0421905517578125	0.0236358642578125	9.806488037109375
Nexus6x07	1031808939108625	-0.0420379638671875	0.0236358642578125	9.806488037109375
Nexus6x07	1031808943564191	-0.0420379638671875	0.0233306884765625	9.806488037109375
Nexus6x07	1031808948019758	-0.0411376953125	0.0233306884765625	9.806488037109375
Nexus6x07	1031808952475324	-0.0410003662109375	0.0236358642578125	9.806488037109375
Nexus6x07	1031808956961408	-0.0411376953125	0.0234832763671875	9.806488037109375
Nexus6x07	1031808961416975	-0.0402374267578125	0.0239410400390625	9.806488037109375
Nexus6x07	1031808965872541	-0.04010009765625	0.0237884521484375	9.806488037109375
Nexus6x07	1031808970328107	-0.0402374267578125	0.024078369140625	9.806488037109375
Nexus6x07	1031808974783674	-0.039642333984375	0.0251312255859375	9.806488037109375
Nexus6x07	1031808979269758	-0.04010009765625	0.02618408203125	9.806488037109375
Nexus6x07	1031808983725324	-0.0403900146484375	0.02618408203125	9.806488037109375
Nexus6x07	1031808988180891	-0.0406951904296875	0.02587890625	9.806488037109375
Nexus6x07	1031808992636457	-0.0410003662109375	0.025726318359375	9.806488037109375
Nexus6x07	1031808997092023	-0.0410003662109375	0.026031494140625	9.806488037109375
Nexus6x07	1031809001578107	-0.041595458984375	0.0263214111328125	9.806488037109375
Nexus6x07	1031809006033674	-0.0420379638671875	0.0266265869140625	9.806488037109375
Nexus6x07	1031809010489240	-0.0418853759765625	0.0267791748046875	9.806488037109375
Nexus6x07	1031809014944807	-0.0418853759765625	0.0267791748046875	9.806488037109375
Nexus6x07	1031809019400373	-0.041595458984375	0.0267791748046875	9.806488037109375
Nexus6x07	1031809023886457	-0.041595458984375	0.0264739990234375	9.806488037109375
Nexus6x07	1031809028342023	-0.0410003662109375	0.0263214111328125	9.806488037109375
Nexus6x07	1031809032797590	-0.0406951904296875	0.0264739990234375	9.806488037109375
Nexus6x07	1031809037253156	-0.03948974609375	0.0270843505859375	9.806488037109375
Nexus6x07	1031809041708723	-0.03948974609375	0.0270843505859375	9.806488037109375
Nexus6x07	1031809046194807	-0.039642333984375	0.0269317626953125	9.806488037109375
Nexus6x07	1031809050650373	-0.03948974609375	0.0264739990234375	9.806488037109375
Nexus6x07	1031809055105939	-0.039947509765625	0.0264739990234375	9.806488037109375
Nexus6x07	1031809059561506	-0.039947509765625	0.0263214111328125	9.806488037109375
Nexus6x07	1031809064017072	-0.039947509765625	0.026031494140625	9.806488037109375
Nexus6x07	1031809068503156	-0.0405426025390625	0.02587890625	9.806488037109375
Nexus6x07	1031809072958723	-0.0405426025390625	0.025726318359375	9.806488037109375
Nexus6x07	1031809077414289	-0.039794921875	0.02557373046875	9.806488037109375
Nexus6x07	1031809081869855	-0.039642333984375	0.0252838134765625	9.806488037109375
Nexus6x07	1031809086325422	-0.039642333984375	0.0252838134765625	9.806488037109375
Nexus6x07	1031809090811506	-0.0387420654296875	0.0252838134765625	9.806488037109375
Nexus6x07	1031809095267072	-0.0388946533203125	0.0252838134765625	9.806488037109375
Nexus6x07	1031809099722639	-0.0390472412109375	0.0251312255859375	9.806488037109375
Nexus6x07	1031809104178205	-0.0390472412109375	0.0252838134765625	9.806488037109375
Nexus6x07	1031809108633771	-0.0391998291015625	0.0249786376953125	9.806488037109375
Nexus6x07	1031809113119855	-0.0388946533203125	0.0252838134765625	9.806488037109375
Nexus6x07	1031809117575422	-0.0388946533203125	0.0251312255859375	9.806488037109375
Nexus6x07	1031809122030988	-0.0391998291015625	0.0248260498046875	9.806488037109375
Nexus6x07	1031809126486555	-0.0393524169921875	0.0251312255859375	9.806488037109375
Nexus6x07	1031809130942121	-0.0391998291015625	0.0252838134765625	9.806488037109375
Nexus6x07	1031809135428205	-0.0393524169921875	0.0251312255859375	9.806488037109375
Nexus6x07	1031809139883771	-0.0390472412109375	0.0249786376953125	9.806488037109375
Nexus6x07	1031809144339338	-0.0388946533203125	0.0248260498046875	9.806488037109375
Nexus6x07	1031809148794904	-0.0393524169921875	0.026031494140625	9.806488037109375
Nexus6x07	1031809153250471	-0.0393524169921875	0.02587890625	9.806488037109375
Nexus6x07	1031809157736555	-0.0391998291015625	0.026031494140625	9.806488037109375
Nexus6x07	1031809162192121	-0.0388946533203125	0.025726318359375	9.806488037109375
Nexus6x07	1031809166647687	-0.0393524169921875	0.02557373046875	9.806488037109375
Nexus6x07	1031809171103254	-0.039642333984375	0.02557373046875	9.806488037109375
Nexus6x07	1031809175558820	-0.039794921875	0.0254364013671875	9.806488037109375
Nexus6x07	1031809180014387	-0.0391998291015625	0.024078369140625	9.806488037109375
Nexus6x07	1031809184469953	-0.0391998291015625	0.02423095703125	9.806488037109375
Nexus6x07	1031809188925519	-0.03948974609375	0.0248260498046875	9.806488037109375
Nexus6x07	1031809193381086	-0.039947509765625	0.0251312255859375	9.806488037109375
Nexus6x07	1031809197836652	-0.039947509765625	0.0249786376953125	9.806488037109375
Nexus6x07	1031809202292219	-0.0403900146484375	0.0252838134765625	9.806488037109375
Nexus6x07	1031809206747785	-0.0405426025390625	0.0251312255859375	9.806488037109375
Nexus6x07	1031809211203352	-0.0406951904296875	0.0252838134765625	9.806488037109375
Nexus6x07	1031809215658918	-0.0410003662109375	0.0252838134765625	9.806488037109375
Nexus6x07	1031809220114484	-0.0411376953125	0.0254364013671875	9.806488037109375
Nexus6x07	1031809224570051	-0.0410003662109375	0.0252838134765625	9.806488037109375
Nexus6x07	1031809229025617	-0.0408477783203125	0.0252838134765625	9.806488037109375
Nexus6x07	1031809233481184	-0.0411376953125	0.0249786376953125	9.806488037109375
Nexus6x07	1031809237936750	-0.0410003662109375	0.0254364013671875	9.806488037109375
Nexus6x07	1031809242392316	-0.0406951904296875	0.0252838134765625	9.806488037109375
Nexus6x07	1031809246847883	-0.0408477783203125	0.0252838134765625	9.806488037109375
Nexus6x07	1031809251303449	-0.039947509765625	0.0251312255859375	9.806488037109375
Nexus6x07	1031809255759016	-0.04010009765625	0.0252838134765625	9.806488037109375
Nexus6x07	1031809260214582	-0.039947509765625	0.0254364013671875	9.806488037109375
Nexus6x07	1031809264670148	-0.039947509765625	0.0252838134765625	9.806488037109375
Nexus6x07	1031809269125715	-0.04010009765625	0.025726318359375	9.806488037109375
Nexus6x07	1031809273581281	-0.0402374267578125	0.0252838134765625	9.806488037109375
Nexus6x07	1031809278036848	-0.0405426025390625	0.0251312255859375	9.806488037109375
Nexus6x07	1031809282492414	-0.0410003662109375	0.0249786376953125	9.806488037109375
Nexus6x07	1031809286947980	-0.0406951904296875	0.0249786376953125	9.806488037109375
Nexus6x07	1031809291403547	-0.0405426025390625	0.0251312255859375	9.806488037109375
Nexus6x07	1031809295859113	-0.0408477783203125	0.0249786376953125	9.806488037109375
Nexus6x07	1031809300314680	-0.0405426025390625	0.0249786376953125	9.806488037109375
Nexus6x07	1031809304770246	-0.0405426025390625	0.0248260498046875	9.806488037109375
Nexus6x07	1031809309225812	-0.039947509765625	0.0252838134765625	9.806488037109375
Nexus6x07	1031809313681379	-0.04010009765625	0.0251312255859375	9.806488037109375
Nexus6x07	1031809318136945	-0.04010009765625	0.024688720703125	9.806488037109375
Nexus6x07	1031809322592512	-0.0403900146484375	0.0248260498046875	9.806488037109375
Nexus6x07	1031809327048078	-0.0405426025390625	0.0249786376953125	9.806488037109375
Nexus6x07	1031809331503644	-0.0406951904296875	0.024688720703125	9.806488037109375
Nexus6x07	1031809335959211	-0.0402374267578125	0.0245361328125	9.806488037109375
Nexus6x07	1031809340414777	-0.0391998291015625	0.024078369140625	9.806488037109375
Nexus6x07	1031809344870344	-0.0391998291015625	0.0236358642578125	9.806488037109375
Nexus6x07	1031809349325910	-0.0391998291015625	0.0233306884765625	9.806488037109375
Nexus6x07	1031809353781477	-0.0387420654296875	0.0234832763671875	9.806488037109375
Nexus6x07	1031809358237043	-0.0387420654296875	0.0234832763671875	9.806488037109375
Nexus6x07	1031809362692609	-0.0391998291015625	0.0233306884765625	9.806488037109375
Nexus6x07	1031809367148176	-0.0391998291015625	0.0233306884765625	9.806488037109375
Nexus6x07	1031809371603742	-0.0391998291015625	0.0234832763671875	9.806488037109375
Nexus6x07	1031809376059309	-0.039794921875	0.0234832763671875	9.806488037109375
Nexus6x07	1031809380514875	-0.0402374267578125	0.0233306884765625	9.806488037109375
Nexus6x07	1031809384970441	-0.039947509765625	0.0234832763671875	9.806488037109375
Nexus6x07	1031809389426008	-0.04010009765625	0.0236358642578125	9.806488037109375
Nexus6x07	1031809393881574	-0.0390472412109375	0.0234832763671875	9.806488037109375
Nexus6x07	1031809398337141	-0.0390472412109375	0.0233306884765625	9.806488037109375
Nexus6x07	1031809402792707	-0.039642333984375	0.0234832763671875	9.806488037109375
Nexus6x07	1031809407248273	-0.039794921875	0.0236358642578125	9.806488037109375
Nexus6x07	1031809411703840	-0.039947509765625	0.0234832763671875	9.806488037109375
Nexus6x07	1031809416159406	-0.0403900146484375	0.0234832763671875	9.806488037109375
Nexus6x07	1031809420614973	-0.0408477783203125	0.0233306884765625	9.806488037109375
Nexus6x07	1031809425070539	-0.0411376953125	0.0234832763671875	9.806488037109375
Nexus6x07	1031809429526105	-0.041290283203125	0.0233306884765625	9.806488037109375
Nexus6x07	1031809433981672	-0.041290283203125	0.0236358642578125	9.806488037109375
Nexus6x07	1031809438437238	-0.04144287109375	0.0234832763671875	9.806488037109375
Nexus6x07	1031809442892805	-0.041595458984375	0.0234832763671875	9.806488037109375
Nexus6x07	1031809447348371	-0.0421905517578125	0.0234832763671875	9.806488037109375
Nexus6x07	1031809451803937	-0.0423431396484375	0.0237884521484375	9.806488037109375
Nexus6x07	1031809456259504	-0.0424957275390625	0.0237884521484375	9.806488037109375
Nexus6x07	1031809460715070	-0.042633056640625	0.0239410400390625	9.806488037109375
Nexus6x07	1031809465170637	-0.0430908203125	0.0239410400390625	9.806488037109375
Nexus6x07	1031809469626203	-0.042938232421875	0.0239410400390625	9.806488037109375
Nexus6x07	1031809474081769	-0.042938232421875	0.02423095703125	9.806488037109375
Nexus6x07	1031809478537336	-0.042938232421875	0.0239410400390625	9.806488037109375
Nexus6x07	1031809482992902	-0.042938232421875	0.02423095703125	9.806488037109375
Nexus6x07	1031809487448469	-0.043243408203125	0.024383544921875	9.806488037109375
Nexus6x07	1031809491904035	-0.0430908203125	0.024383544921875	9.806488037109375
Nexus6x07	1031809496359602	-0.0430908203125	0.024688720703125	9.806488037109375
Nexus6x07	1031809500815168	-0.0433807373046875	0.0248260498046875	9.806488037109375
Nexus6x07	1031809505270734	-0.043243408203125	0.0248260498046875	9.806488037109375
Nexus6x07	1031809509726301	-0.0436859130859375	0.0248260498046875	9.806488037109375
Nexus6x07	1031809514181867	-0.04278564453125	0.02423095703125	9.806488037109375
Nexus6x07	1031809518637434	-0.042938232421875	0.02423095703125	9.806488037109375
Nexus6x07	1031809523093000	-0.043243408203125	0.024078369140625	9.806488037109375
Nexus6x07	1031809527548566	-0.0435333251953125	0.024078369140625	9.806488037109375
Nexus6x07	1031809532004133	-0.0435333251953125	0.0236358642578125	9.806488037109375
Nexus6x07	1031809536459699	-0.0439910888671875	0.0233306884765625	9.806488037109375
Nexus6x07	1031809540915266	-0.044281005859375	0.0236358642578125	9.806488037109375
Nexus6x07	1031809545370832	-0.0439910888671875	0.0237884521484375	9.806488037109375
Nexus6x07	1031809549826398	-0.0439910888671875	0.0237884521484375	9.806488037109375
Nexus6x07	1031809554281965	-0.0439910888671875	0.0237884521484375	9.806488037109375
Nexus6x07	1031809558737531	-0.0438385009765625	0.022735595703125	9.806488037109375
Nexus6x07	1031809563193098	-0.0439910888671875	0.02288818359375	9.806488037109375
Nexus6x07	1031809567648664	-0.04412841796875	0.022735595703125	9.806488037109375
Nexus6x07	1031809572104230	-0.0439910888671875	0.0216827392578125	9.806488037109375
Nexus6x07	1031809576559797	-0.0438385009765625	0.0216827392578125	9.806488037109375
Nexus6x07	1031809581015363	-0.044281005859375	0.0218353271484375	9.806488037109375
Nexus6x07	1031809585470930	-0.044281005859375	0.0216827392578125	9.806488037109375
Nexus6x07	1031809589926496	-0.044586181640625	0.0218353271484375	9.806488037109375
Nexus6x07	1031809594382062	-0.04443359375	0.0219879150390625	9.806488037109375
Nexus6x07	1031809598837629	-0.0448760986328125	0.021087646484375	9.806488037109375
Nexus6x07	1031809603293195	-0.0451812744140625	0.02093505859375	9.806488037109375
Nexus6x07	1031809607748762	-0.0453338623046875	0.02093505859375	9.806488037109375
Nexus6x07	1031809612204328	-0.0454864501953125	0.021087646484375	9.806488037109375
Nexus6x07	1031809616659894	-0.0457763671875	0.021087646484375	9.806488037109375
Nexus6x07	1031809621115461	-0.0454864501953125	0.021392822265625	9.806488037109375
Nexus6x07	1031809625571027	-0.0453338623046875	0.021240234375	9.806488037109375
Nexus6x07	1031809630026594	-0.0456390380859375	0.021392822265625	9.806488037109375
Nexus6x07	1031809634482160	-0.0451812744140625	0.0216827392578125	9.806488037109375
Nexus6x07	1031809638937727	-0.0453338623046875	0.02154541015625	9.806488037109375
Nexus6x07	1031809643393293	-0.0454864501953125	0.02154541015625	9.806488037109375
Nexus6x07	1031809647848859	-0.0454864501953125	0.0218353271484375	9.806488037109375
Nexus6x07	1031809652304426	-0.045928955078125	0.0216827392578125	9.806488037109375
Nexus6x07	1031809656759992	-0.04608154296875	0.0218353271484375	9.806488037109375
Nexus6x07	1031809661215559	-0.0450286865234375	0.0222930908203125	9.806488037109375
Nexus6x07	1031809665671125	-0.0450286865234375	0.0221405029296875	9.806488037109375
Nexus6x07	1031809670126691	-0.0450286865234375	0.0219879150390625	9.806488037109375
Nexus6x07	1031809674582258	-0.0448760986328125	0.0219879150390625	9.806488037109375
Nexus6x07	1031809679037824	-0.0448760986328125	0.0219879150390625	9.806488037109375
Nexus6x07	1031809683493391	-0.0450286865234375	0.0221405029296875	9.806488037109375
Nexus6x07	1031809687948957	-0.0450286865234375	0.022430419921875	9.806488037109375
Nexus6x07	1031809692404523	-0.0451812744140625	0.0222930908203125	9.806488037109375
Nexus6x07	1031809696860090	-0.0454864501953125	0.0221405029296875	9.806488037109375
Nexus6x07	1031809701315656	-0.0456390380859375	0.0225830078125	9.806488037109375
Nexus6x07	1031809705771223	-0.0457763671875	0.0225830078125	9.806488037109375
Nexus6x07	1031809710226789	-0.0456390380859375	0.022430419921875	9.806488037109375
Nexus6x07	1031809714682355	-0.0456390380859375	0.022735595703125	9.806488037109375
Nexus6x07	1031809719137922	-0.045928955078125	0.0222930908203125	9.806488037109375
Nexus6x07	1031809723593488	-0.046234130859375	0.0219879150390625	9.806488037109375
Nexus6x07	1031809728049055	-0.0466766357421875	0.0222930908203125	9.806488037109375
Nexus6x07	1031809732504621	-0.046234130859375	0.021392822265625	9.806488037109375
Nexus6x07	1031809736960187	-0.04608154296875	0.021392822265625	9.806488037109375
Nexus6x07	1031809741415754	-0.045928955078125	0.0207977294921875	9.806488037109375
Nexus6x07	1031809745871320	-0.04608154296875	0.0207977294921875	9.806488037109375
Nexus6x07	1031809750326887	-0.04608154296875	0.021087646484375	9.806488037109375
Nexus6x07	1031809754782453	-0.04608154296875	0.021392822265625	9.806488037109375
Nexus6x07	1031809759238019	-0.046234130859375	0.02154541015625	9.806488037109375
Nexus6x07	1031809763693586	-0.0466766357421875	0.0218353271484375	9.806488037109375
Nexus6x07	1031809768149152	-0.0469818115234375	0.0216827392578125	9.806488037109375
Nexus6x07	1031809772604719	-0.0468292236328125	0.0216827392578125	9.806488037109375
Nexus6x07	1031809777060285	-0.0469818115234375	0.0218353271484375	9.806488037109375
Nexus6x07	1031809781515852	-0.04742431640625	0.0219879150390625	9.806488037109375
Nexus6x07	1031809785971418	-0.047271728515625	0.0218353271484375	9.806488037109375
Nexus6x07	1031809790426984	-0.047271728515625	0.0221405029296875	9.806488037109375
Nexus6x07	1031809794882551	-0.0469818115234375	0.0219879150390625	9.806488037109375
Nexus6x07	1031809799338117	-0.0469818115234375	0.0219879150390625	9.806488037109375
Nexus6x07	1031809803793684	-0.0468292236328125	0.0218353271484375	9.806488037109375
Nexus6x07	1031809808249250	-0.0469818115234375	0.0216827392578125	9.806488037109375
Nexus6x07	1031809812704816	-0.047271728515625	0.0216827392578125	9.806488037109375
Nexus6x07	1031809817160383	-0.04742431640625	0.021240234375	9.806488037109375
Nexus6x07	1031809821615949	-0.0471343994140625	0.02093505859375	9.806488037109375
Nexus6x07	1031809826071516	-0.04742431640625	0.02093505859375	9.806488037109375
Nexus6x07	1031809830527082	-0.0471343994140625	0.02093505859375	9.806488037109375
Nexus6x07	1031809834982648	-0.0471343994140625	0.021087646484375	9.806488037109375
Nexus6x07	1031809839438215	-0.0471343994140625	0.02093505859375	9.806488037109375
Nexus6x07	1031809843893781	-0.047271728515625	0.0207977294921875	9.806488037109375
Nexus6x07	1031809848349348	-0.047271728515625	0.02093505859375	9.806488037109375
Nexus6x07	1031809852804914	-0.04742431640625	0.0204925537109375	9.806488037109375
Nexus6x07	1031809857260480	-0.0477294921875	0.0204925537109375	9.806488037109375
Nexus6x07	1031809861716047	-0.047882080078125	0.0201873779296875	9.806488037109375
Nexus6x07	1031809866171613	-0.0477294921875	0.020050048828125	9.806488037109375
Nexus6x07	1031809870627180	-0.0477294921875	0.020050048828125	9.806488037109375
Nexus6x07	1031809875082746	-0.04742431640625	0.020050048828125	9.806488037109375
Nexus6x07	1031809879538312	-0.047576904296875	0.0201873779296875	9.806488037109375
Nexus6x07	1031809883993879	-0.047271728515625	0.0204925537109375	9.806488037109375
Nexus6x07	1031809888449445	-0.0471343994140625	0.0206451416015625	9.806488037109375
Nexus6x07	1031809892905012	-0.0471343994140625	0.0203399658203125	9.806488037109375
Nexus6x07	1031809897360578	-0.047271728515625	0.0204925537109375	9.806488037109375
Nexus6x07	1031809901816144	-0.04742431640625	0.0203399658203125	9.806488037109375
Nexus6x07	1031809906271711	-0.04742431640625	0.0203399658203125	9.806488037109375
Nexus6x07	1031809910727277	-0.047271728515625	0.0203399658203125	9.806488037109375
Nexus6x07	1031809915182844	-0.047271728515625	0.020050048828125	9.806488037109375
Nexus6x07	1031809919638410	-0.04742431640625	0.020050048828125	9.806488037109375
Nexus6x07	1031809924093977	-0.047271728515625	0.019744873046875	9.806488037109375
Nexus6x07	1031809928549543	-0.0477294921875	0.020050048828125	9.806488037109375
Nexus6x07	1031809933005109	-0.0481719970703125	0.019744873046875	9.806488037109375
Nexus6x07	1031809937460676	-0.0483245849609375	0.01959228515625	9.806488037109375
Nexus6x07	1031809941916242	-0.0483245849609375	0.0193023681640625	9.806488037109375
Nexus6x07	1031809946371809	-0.0484771728515625	0.0201873779296875	9.806488037109375
Nexus6x07	1031809950827375	-0.0484771728515625	0.0203399658203125	9.806488037109375
Nexus6x07	1031809955282941	-0.0484771728515625	0.0203399658203125	9.806488037109375
Nexus6x07	1031809959738508	-0.0484771728515625	0.0206451416015625	9.806488037109375
Nexus6x07	1031809964194074	-0.0481719970703125	0.0206451416015625	9.806488037109375
Nexus6x07	1031809968649641	-0.0480194091796875	0.0206451416015625	9.806488037109375
Nexus6x07	1031809973105207	-0.0480194091796875	0.02093505859375	9.806488037109375
Nexus6x07	1031809977560773	-0.0480194091796875	0.0207977294921875	9.806488037109375
Nexus6x07	1031809982016340	-0.047882080078125	0.021240234375	9.806488037109375
Nexus6x07	1031809986471906	-0.0477294921875	0.021087646484375	9.806488037109375
Nexus6x07	1031809990927473	-0.0477294921875	0.0207977294921875	9.806488037109375
Nexus6x07	1031809995383039	-0.047576904296875	0.02093505859375	9.806488037109375
Nexus6x07	1031809999838605	-0.047576904296875	0.021087646484375	9.806488037109375
Nexus6x07	1031810004294172	-0.047576904296875	0.02093505859375	9.806488037109375
Nexus6x07	1031810008749738	-0.0465240478515625	0.0216827392578125	9.806488037109375
Nexus6x07	1031810013205305	-0.0468292236328125	0.02154541015625	9.806488037109375
Nexus6x07	1031810017660871	-0.0469818115234375	0.021240234375	9.806488037109375
Nexus6x07	1031810022116437	-0.0471343994140625	0.021240234375	9.806488037109375
Nexus6x07	1031810026572004	-0.0471343994140625	0.02093505859375	9.806488037109375
Nexus6x07	1031810031027570	-0.0469818115234375	0.021392822265625	9.806488037109375
Nexus6x07	1031810035483137	-0.0456390380859375	0.021240234375	9.806488037109375
Nexus6x07	1031810039938703	-0.0454864501953125	0.021240234375	9.806488037109375
Nexus6x07	1031810044394269	-0.0454864501953125	0.021240234375	9.806488037109375
Nexus6x07	1031810048849836	-0.0456390380859375	0.021087646484375	9.806488037109375
Nexus6x07	1031810053305402	-0.0457763671875	0.021087646484375	9.806488037109375
Nexus6x07	1031810057760969	-0.0454864501953125	0.021087646484375	9.806488037109375
Nexus6x07	1031810062216535	-0.0456390380859375	0.0206451416015625	9.806488037109375
Nexus6x07	1031810066672102	-0.0456390380859375	0.021087646484375	9.806488037109375
Nexus6x07	1031810071127668	-0.0457763671875	0.02093505859375	9.806488037109375
Nexus6x07	1031810075583234	-0.0456390380859375	0.021087646484375	9.806488037109375
Nexus6x07	1031810080038801	-0.04608154296875	0.021087646484375	9.806488037109375
Nexus6x07	1031810084494367	-0.045928955078125	0.02093505859375	9.806488037109375
Nexus6x07	1031810088949934	-0.04638671875	0.0207977294921875	9.806488037109375
Nexus6x07	1031810093405500	-0.0471343994140625	0.021392822265625	9.806488037109375
Nexus6x07	1031810097861066	-0.04742431640625	0.021392822265625	9.806488037109375
Nexus6x07	1031810102316633	-0.047271728515625	0.02154541015625	9.806488037109375
Nexus6x07	1031810106772199	-0.04742431640625	0.0216827392578125	9.806488037109375
Nexus6x07	1031810111227766	-0.0471343994140625	0.0219879150390625	9.806488037109375
Nexus6x07	1031810115683332	-0.047576904296875	0.0219879150390625	9.806488037109375
Nexus6x07	1031810120138898	-0.0477294921875	0.0219879150390625	9.806488037109375
Nexus6x07	1031810124594465	-0.047576904296875	0.0218353271484375	9.806488037109375
Nexus6x07	1031810129050031	-0.0477294921875	0.0221405029296875	9.806488037109375
Nexus6x07	1031810133505598	-0.047882080078125	0.0222930908203125	9.806488037109375
Nexus6x07	1031810137961164	-0.0481719970703125	0.0221405029296875	9.806488037109375
Nexus6x07	1031810142416730	-0.0481719970703125	0.0221405029296875	9.806488037109375
Nexus6x07	1031810146872297	-0.0483245849609375	0.022430419921875	9.806488037109375
Nexus6x07	1031810151327863	-0.0481719970703125	0.022430419921875	9.806488037109375
Nexus6x07	1031810155783430	-0.047882080078125	0.0222930908203125	9.806488037109375
Nexus6x07	1031810160238996	-0.049072265625	0.02093505859375	9.806488037109375
Nexus6x07	1031810164694562	-0.04937744140625	0.0206451416015625	9.806488037109375
Nexus6x07	1031810169150129	-0.04937744140625	0.0207977294921875	9.806488037109375
Nexus6x07	1031810173605695	-0.049530029296875	0.0207977294921875	9.806488037109375
Nexus6x07	1031810178061262	-0.0496673583984375	0.021087646484375	9.806488037109375
Nexus6x07	1031810182516828	-0.0499725341796875	0.0207977294921875	9.806488037109375
Nexus6x07	1031810186972394	-0.0501251220703125	0.0207977294921875	9.806350708007812
Nexus6x07	1031810191427961	-0.0499725341796875	0.0206451416015625	9.806488037109375
Nexus6x07	1031810195883527	-0.0504150390625	0.0207977294921875	9.806350708007812
Nexus6x07	1031810200339094	-0.05072021484375	0.0207977294921875	9.806350708007812
Nexus6x07	1031810204794660	-0.05072021484375	0.021240234375	9.806350708007812
Nexus6x07	1031810209250227	-0.050567626953125	0.021392822265625	9.806350708007812
Nexus6x07	1031810213705793	-0.05072021484375	0.021240234375	9.806350708007812
Nexus6x07	1031810218161359	-0.05072021484375	0.02154541015625	9.806350708007812
Nexus6x07	1031810222616926	-0.050567626953125	0.021240234375	9.806350708007812
Nexus6x07	1031810227072492	-0.050567626953125	0.02093505859375	9.806350708007812
Nexus6x07	1031810231528059	-0.050567626953125	0.0207977294921875	9.806350708007812
Nexus6x07	1031810235983625	-0.05072021484375	0.0219879150390625	9.806350708007812
Nexus6x07	1031810240439191	-0.05072021484375	0.0221405029296875	9.806350708007812
Nexus6x07	1031810244894758	-0.0511627197265625	0.0219879150390625	9.806350708007812
Nexus6x07	1031810249350324	-0.0513153076171875	0.0219879150390625	9.806350708007812
Nexus6x07	1031810253805891	-0.0517730712890625	0.0219879150390625	9.806350708007812
Nexus6x07	1031810258261457	-0.0517730712890625	0.0221405029296875	9.806350708007812
Nexus6x07	1031810262717023	-0.0517730712890625	0.0222930908203125	9.806350708007812
Nexus6x07	1031810267172590	-0.05340576171875	0.0216827392578125	9.806350708007812
Nexus6x07	1031810271628156	-0.05340576171875	0.02154541015625	9.806350708007812
Nexus6x07	1031810276083723	-0.053558349609375	0.021392822265625	9.806350708007812
Nexus6x07	1031810280539289	-0.053863525390625	0.021240234375	9.806350708007812
Nexus6x07	1031810284994855	-0.054168701171875	0.021392822265625	9.806350708007812
Nexus6x07	1031810289450422	-0.0531158447265625	0.0201873779296875	9.806350708007812
Nexus6x07	1031810293905988	-0.053558349609375	0.0201873779296875	9.806350708007812
Nexus6x07	1031810298361555	-0.0528106689453125	0.0204925537109375	9.806350708007812
Nexus6x07	1031810302817121	-0.0529632568359375	0.0203399658203125	9.806350708007812
Nexus6x07	1031810307272687	-0.0528106689453125	0.0201873779296875	9.806350708007812
Nexus6x07	1031810311728254	-0.052520751953125	0.0201873779296875	9.806350708007812
Nexus6x07	1031810316183820	-0.0529632568359375	0.0201873779296875	9.806350708007812
Nexus6x07	1031810320639387	-0.0526580810546875	0.0201873779296875	9.806350708007812
Nexus6x07	1031810325094953	-0.052520751953125	0.0201873779296875	9.806350708007812
Nexus6x07	1031810329550519	-0.0523681640625	0.0203399658203125	9.806350708007812
Nexus6x07	1031810334006086	-0.0514678955078125	0.02093505859375	9.806350708007812
Nexus6x07	1031810338461652	-0.0513153076171875	0.0206451416015625	9.806350708007812
Nexus6x07	1031810342917219	-0.0511627197265625	0.02093505859375	9.806350708007812
Nexus6x07	1031810347372785	-0.0516204833984375	0.0204925537109375	9.806350708007812
Nexus6x07	1031810351828352	-0.0514678955078125	0.0204925537109375	9.806350708007812
Nexus6x07	1031810356283918	-0.0514678955078125	0.0207977294921875	9.806350708007812
Nexus6x07	1031810360739484	-0.0513153076171875	0.0206451416015625	9.806350708007812
Nexus6x07	1031810365195051	-0.0513153076171875	0.0206451416015625	9.806350708007812
Nexus6x07	1031810369650617	-0.0517730712890625	0.0203399658203125	9.806350708007812
Nexus6x07	1031810374106184	-0.0517730712890625	0.0203399658203125	9.806350708007812
Nexus6x07	1031810378561750	-0.0514678955078125	0.0201873779296875	9.806350708007812
Nexus6x07	1031810383017316	-0.050872802734375	0.0198974609375	9.806350708007812
Nexus6x07	1031810387472883	-0.0504150390625	0.0201873779296875	9.806350708007812
Nexus6x07	1031810391928449	-0.0504150390625	0.0201873779296875	9.806350708007812
Nexus6x07	1031810396384016	-0.0501251220703125	0.0203399658203125	9.806488037109375
Nexus6x07	1031810400839582	-0.0501251220703125	0.0207977294921875	9.806350708007812
Nexus6x07	1031810405295148	-0.0498199462890625	0.02093505859375	9.806488037109375
Nexus6x07	1031810409750715	-0.0498199462890625	0.021087646484375	9.806488037109375
Nexus6x07	1031810414206281	-0.0499725341796875	0.021240234375	9.806350708007812
Nexus6x07	1031810418661848	-0.0499725341796875	0.021240234375	9.806350708007812
Nexus6x07	1031810423117414	-0.0498199462890625	0.021240234375	9.806350708007812
Nexus6x07	1031810427572980	-0.0498199462890625	0.021392822265625	9.806350708007812
Nexus6x07	1031810432028547	-0.0501251220703125	0.0219879150390625	9.806350708007812
Nexus6x07	1031810436484113	-0.0499725341796875	0.0218353271484375	9.806350708007812
Nexus6x07	1031810440939680	-0.0501251220703125	0.02154541015625	9.806350708007812
Nexus6x07	1031810445395246	-0.0499725341796875	0.021240234375	9.806350708007812
Nexus6x07	1031810449850812	-0.0501251220703125	0.021392822265625	9.806350708007812
Nexus6x07	1031810454306379	-0.0499725341796875	0.021240234375	9.806350708007812
Nexus6x07	1031810458761945	-0.0501251220703125	0.021087646484375	9.806350708007812
Nexus6x07	1031810463217512	-0.0504150390625	0.02093505859375	9.806350708007812
Nexus6x07	1031810467673078	-0.0501251220703125	0.02093505859375	9.806350708007812
Nexus6x07	1031810472128644	-0.0502777099609375	0.021087646484375	9.806350708007812
Nexus6x07	1031810476584211	-0.0501251220703125	0.021240234375	9.806350708007812
Nexus6x07	1031810481039777	-0.0498199462890625	0.021087646484375	9.806488037109375
Nexus6x07	1031810485495344	-0.0499725341796875	0.0207977294921875	9.806488037109375
Nexus6x07	1031810489950910	-0.049530029296875	0.02093505859375	9.806488037109375
Nexus6x07	1031810494406477	-0.0496673583984375	0.02093505859375	9.806488037109375
Nexus6x07	1031810498862043	-0.04937744140625	0.0201873779296875	9.806488037109375
Nexus6x07	1031810503317609	-0.049530029296875	0.0203399658203125	9.806488037109375
Nexus6x07	1031810507773176	-0.0504150390625	0.0189971923828125	9.806488037109375
Nexus6x07	1031810512228742	-0.050567626953125	0.0189971923828125	9.806488037109375
Nexus6x07	1031810516684309	-0.050872802734375	0.0191497802734375	9.806350708007812
Nexus6x07	1031810521139875	-0.050872802734375	0.0189971923828125	9.806350708007812
Nexus6x07	1031810525595441	-0.050872802734375	0.019439697265625	9.806350708007812
Nexus6x07	1031810530051008	-0.0511627197265625	0.019439697265625	9.806350708007812
Nexus6x07	1031810534506574	-0.051025390625	0.019439697265625	9.806350708007812
Nexus6x07	1031810538962141	-0.0513153076171875	0.01959228515625	9.806350708007812
Nexus6x07	1031810543417707	-0.0514678955078125	0.0193023681640625	9.806350708007812
Nexus6x07	1031810547873273	-0.0513153076171875	0.019439697265625	9.806350708007812
Nexus6x07	1031810552328840	-0.0513153076171875	0.0191497802734375	9.806350708007812
Nexus6x07	1031810556784406	-0.0514678955078125	0.0189971923828125	9.806350708007812
Nexus6x07	1031810561239973	-0.0514678955078125	0.0189971923828125	9.806350708007812
Nexus6x07	1031810565695539	-0.0514678955078125	0.0189971923828125	9.806350708007812
Nexus6x07	1031810570151105	-0.0514678955078125	0.0191497802734375	9.806350708007812
Nexus6x07	1031810574606672	-0.0516204833984375	0.0188446044921875	9.806350708007812
Nexus6x07	1031810579062238	-0.0514678955078125	0.0186920166015625	9.806350708007812
Nexus6x07	1031810583517805	-0.0511627197265625	0.0188446044921875	9.806350708007812
Nexus6x07	1031810587973371	-0.0513153076171875	0.0188446044921875	9.806350708007812
Nexus6x07	1031810592428937	-0.0513153076171875	0.0186920166015625	9.806350708007812
Nexus6x07	1031810596884504	-0.0513153076171875	0.018402099609375	9.806350708007812
Nexus6x07	1031810601340070	-0.0513153076171875	0.018096923828125	9.806350708007812
Nexus6x07	1031810605795637	-0.0511627197265625	0.0185546875	9.806350708007812
Nexus6x07	1031810610251203	-0.050872802734375	0.018402099609375	9.806488037109375
Nexus6x07	1031810614706769	-0.050567626953125	0.018402099609375	9.806488037109375
Nexus6x07	1031810619162336	-0.050567626953125	0.0185546875	9.806488037109375
Nexus6x07	1031810623617902	-0.0504150390625	0.0173492431640625	9.806488037109375
Nexus6x07	1031810628073469	-0.05072021484375	0.0171966552734375	9.806488037109375
Nexus6x07	1031810632529035	-0.05072021484375	0.0171966552734375	9.806488037109375
Nexus6x07	1031810636984602	-0.050872802734375	0.0170440673828125	9.806488037109375
Nexus6x07	1031810641440168	-0.0511627197265625	0.0166015625	9.806488037109375
Nexus6x07	1031810645895734	-0.050872802734375	0.01690673828125	9.806488037109375
Nexus6x07	1031810650351301	-0.0511627197265625	0.01690673828125	9.806488037109375
Nexus6x07	1031810654806867	-0.0517730712890625	0.01690673828125	9.806350708007812
Nexus6x07	1031810659262434	-0.0514678955078125	0.0170440673828125	9.806350708007812
Nexus6x07	1031810663718000	-0.05206298828125	0.01690673828125	9.806350708007812
Nexus6x07	1031810668173566	-0.052215576171875	0.0170440673828125	9.806350708007812
Nexus6x07	1031810672629133	-0.052520751953125	0.0170440673828125	9.806350708007812
Nexus6x07	1031810677084699	-0.0523681640625	0.0171966552734375	9.806350708007812
Nexus6x07	1031810681540266	-0.052215576171875	0.0170440673828125	9.806350708007812
Nexus6x07	1031810685995832	-0.051910400390625	0.0170440673828125	9.806350708007812
Nexus6x07	1031810690451398	-0.051910400390625	0.0175018310546875	9.806350708007812
Nexus6x07	1031810694906965	-0.051910400390625	0.0170440673828125	9.806350708007812
Nexus6x07	1031810699362531	-0.051910400390625	0.0171966552734375	9.806350708007812
Nexus6x07	1031810703818098	-0.0517730712890625	0.0170440673828125	9.806350708007812
Nexus6x07	1031810708273664	-0.05206298828125	0.0173492431640625	9.806350708007812
Nexus6x07	1031810712729230	-0.0523681640625	0.0170440673828125	9.806350708007812
Nexus6x07	1031810717184797	-0.052215576171875	0.0170440673828125	9.806350708007812
Nexus6x07	1031810721640363	-0.0517730712890625	0.0170440673828125	9.806350708007812
Nexus6x07	1031810726095930	-0.05206298828125	0.01690673828125	9.806350708007812
Nexus6x07	1031810730551496	-0.0523681640625	0.0170440673828125	9.806350708007812
Nexus6x07	1031810735007062	-0.0523681640625	0.0170440673828125	9.806350708007812
Nexus6x07	1031810739462629	-0.052215576171875	0.016754150390625	9.806350708007812
Nexus6x07	1031810743918195	-0.05206298828125	0.0166015625	9.806350708007812
Nexus6x07	1031810748373762	-0.0523681640625	0.0175018310546875	9.806350708007812
Nexus6x07	1031810752829328	-0.052520751953125	0.017791748046875	9.806350708007812
Nexus6x07	1031810757284894	-0.0526580810546875	0.0175018310546875	9.806350708007812
Nexus6x07	1031810761740461	-0.0528106689453125	0.0176544189453125	9.806350708007812
Nexus6x07	1031810766196027	-0.0528106689453125	0.0176544189453125	9.806350708007812
Nexus6x07	1031810770651594	-0.0528106689453125	0.0179443359375	9.806350708007812
Nexus6x07	1031810775107160	-0.0528106689453125	0.01824951171875	9.806350708007812
Nexus6x07	1031810779562727	-0.0526580810546875	0.01824951171875	9.806350708007812
Nexus6x07	1031810784018293	-0.0523681640625	0.0185546875	9.806350708007812
Nexus6x07	1031810788473859	-0.052215576171875	0.0185546875	9.806350708007812
Nexus6x07	1031810792929426	-0.052215576171875	0.0186920166015625	9.806350708007812
Nexus6x07	1031810797384992	-0.052215576171875	0.0185546875	9.806350708007812
Nexus6x07	1031810801840559	-0.05206298828125	0.018402099609375	9.806350708007812
Nexus6x07	1031810806296125	-0.051910400390625	0.0179443359375	9.806350708007812
Nexus6x07	1031810810751691	-0.051910400390625	0.018096923828125	9.806350708007812
Nexus6x07	1031810815207258	-0.0516204833984375	0.018402099609375	9.806350708007812
Nexus6x07	1031810819662824	-0.0516204833984375	0.018402099609375	9.806350708007812
Nexus6x07	1031810824118391	-0.0516204833984375	0.018096923828125	9.806350708007812
Nexus6x07	1031810828573957	-0.0514678955078125	0.018096923828125	9.806350708007812
Nexus6x07	1031810833029523	-0.0516204833984375	0.018096923828125	9.806350708007812
Nexus6x07	1031810837485090	-0.0514678955078125	0.018096923828125	9.806350708007812
Nexus6x07	1031810841940656	-0.0513153076171875	0.018096923828125	9.806350708007812
Nexus6x07	1031810846396223	-0.0516204833984375	0.017791748046875	9.806350708007812
Nexus6x07	1031810850851789	-0.051910400390625	0.0179443359375	9.806350708007812
Nexus6x07	1031810855307355	-0.051910400390625	0.0176544189453125	9.806350708007812
Nexus6x07	1031810859762922	-0.052215576171875	0.017791748046875	9.806350708007812
Nexus6x07	1031810864218488	-0.0516204833984375	0.0176544189453125	9.806350708007812
Nexus6x07	1031810868674055	-0.05206298828125	0.0176544189453125	9.806350708007812
Nexus6x07	1031810873129621	-0.05206298828125	0.0179443359375	9.806350708007812
Nexus6x07	1031810877585187	-0.0526580810546875	0.01824951171875	9.806350708007812
Nexus6x07	1031810882040754	-0.052520751953125	0.01824951171875	9.806350708007812
Nexus6x07	1031810886496320	-0.052520751953125	0.01824951171875	9.806350708007812
Nexus6x07	1031810890951887	-0.052215576171875	0.01824951171875	9.806350708007812
Nexus6x07	1031810895407453	-0.052520751953125	0.018402099609375	9.806350708007812
Nexus6x07	1031810899863019	-0.052520751953125	0.018096923828125	9.806350708007812
Nexus6x07	1031810904318586	-0.0528106689453125	0.018402099609375	9.806350708007812
Nexus6x07	1031810908774152	-0.0529632568359375	0.0185546875	9.806350708007812
Nexus6x07	1031810913229719	-0.0528106689453125	0.018402099609375	9.806350708007812
Nexus6x07	1031810917685285	-0.0529632568359375	0.018402099609375	9.806350708007812
Nexus6x07	1031810922140852	-0.053558349609375	0.0186920166015625	9.806350708007812
Nexus6x07	1031810926596418	-0.0537109375	0.01824951171875	9.806350708007812
Nexus6x07	1031810931051984	-0.0537109375	0.018096923828125	9.806350708007812
Nexus6x07	1031810935507551	-0.054168701171875	0.018096923828125	9.806350708007812
Nexus6x07	1031810939963117	-0.05401611328125	0.017791748046875	9.806350708007812
Nexus6x07	1031810944418684	-0.0543060302734375	0.0176544189453125	9.806350708007812
Nexus6x07	1031810948874250	-0.054168701171875	0.018096923828125	9.806350708007812
Nexus6x07	1031810953329816	-0.05401611328125	0.0179443359375	9.806350708007812
Nexus6x07	1031810957785383	-0.05401611328125	0.0179443359375	9.806350708007812
Nexus6x07	1031810962240949	-0.054168701171875	0.017791748046875	9.806350708007812
Nexus6x07	1031810966696516	-0.053558349609375	0.017791748046875	9.806350708007812
Nexus6x07	1031810971152082	-0.0532684326171875	0.017791748046875	9.806350708007812
Nexus6x07	1031810975607648	-0.05340576171875	0.018096923828125	9.806350708007812
Nexus6x07	1031810980063215	-0.05340576171875	0.01824951171875	9.806350708007812
Nexus6x07	1031810984518781	-0.05340576171875	0.01824951171875	9.806350708007812
Nexus6x07	1031810988974348	-0.0531158447265625	0.0185546875	9.806350708007812
Nexus6x07	1031810993429914	-0.0528106689453125	0.018402099609375	9.806350708007812
Nexus6x07	1031810997885480	-0.0529632568359375	0.0185546875	9.806350708007812
Nexus6x07	1031811002341047	-0.0532684326171875	0.018402099609375	9.806350708007812
Nexus6x07	1031811006796613	-0.053558349609375	0.01824951171875	9.806350708007812
Nexus6x07	1031811011252180	-0.0537109375	0.01824951171875	9.806350708007812
Nexus6x07	1031811015707746	-0.053558349609375	0.0179443359375	9.806350708007812
Nexus6x07	1031811020163312	-0.053558349609375	0.017791748046875	9.806350708007812
Nexus6x07	1031811024618879	-0.0532684326171875	0.0179443359375	9.806350708007812
Nexus6x07	1031811029074445	-0.0537109375	0.0179443359375	9.806350708007812
Nexus6x07	1031811033530012	-0.05401611328125	0.018096923828125	9.806350708007812
Nexus6x07	1031811037985578	-0.0546112060546875	0.018096923828125	9.806350708007812
Nexus6x07	1031811042441144	-0.0544586181640625	0.018402099609375	9.806350708007812
Nexus6x07	1031811046896711	-0.0549163818359375	0.0185546875	9.806350708007812
Nexus6x07	1031811051352277	-0.0544586181640625	0.0186920166015625	9.806350708007812
Nexus6x07	1031811055807844	-0.0546112060546875	0.0186920166015625	9.806350708007812
Nexus6x07	1031811060263410	-0.0544586181640625	0.01824951171875	9.806350708007812
Nexus6x07	1031811064718977	-0.0546112060546875	0.0179443359375	9.806350708007812
Nexus6x07	1031811069174543	-0.0547637939453125	0.0176544189453125	9.806350708007812
Nexus6x07	1031811073630109	-0.0549163818359375	0.0176544189453125	9.806350708007812
Nexus6x07	1031811078085676	-0.0544586181640625	0.0175018310546875	9.806350708007812
Nexus6x07	1031811082541242	-0.0546112060546875	0.0173492431640625	9.806350708007812
Nexus6x07	1031811086996809	-0.0544586181640625	0.0175018310546875	9.806350708007812
Nexus6x07	1031811091452375	-0.0546112060546875	0.0173492431640625	9.806350708007812
Nexus6x07	1031811095907941	-0.0547637939453125	0.0171966552734375	9.806350708007812
Nexus6x07	1031811100363508	-0.0544586181640625	0.0173492431640625	9.806350708007812
Nexus6x07	1031811104819074	-0.0547637939453125	0.0171966552734375	9.806350708007812
Nexus6x07	1031811109274641	-0.0549163818359375	0.0175018310546875	9.806350708007812
Nexus6x07	1031811113730207	-0.0550537109375	0.0161590576171875	9.806350708007812
Nexus6x07	1031811118185773	-0.0549163818359375	0.0176544189453125	9.806350708007812
Nexus6x07	1031811122641340	-0.0550537109375	0.0176544189453125	9.806350708007812
