displayname	timestamp	x	y	z
Nexus6x05	1029390625386924	-0.10968017578125	0.1006927490234375	9.805450439453125
Nexus6x05	1029390628377647	-0.110870361328125	0.101898193359375	9.805450439453125
Nexus6x05	1029390631368370	-0.1107177734375	0.1021881103515625	9.805450439453125
Nexus6x05	1029390634359092	-0.1107177734375	0.1021881103515625	9.805450439453125
Nexus6x05	1029390637349815	-0.1105804443359375	0.10174560546875	9.805450439453125
Nexus6x05	1029390641103477	-0.1105804443359375	0.10174560546875	9.805450439453125
Nexus6x05	1029390644857139	-0.1101226806640625	0.10174560546875	9.805450439453125
Nexus6x05	1029390649221153	-0.1101226806640625	0.10174560546875	9.805450439453125
Nexus6x05	1029390653554649	-0.1101226806640625	0.1021881103515625	9.805450439453125
Nexus6x05	1029390657888145	-0.1101226806640625	0.1021881103515625	9.805450439453125
Nexus6x05	1029390662221641	-0.1101226806640625	0.1021881103515625	9.805450439453125
Nexus6x05	1029390666555137	-0.1102752685546875	0.102935791015625	9.805450439453125
Nexus6x05	1029390670888633	-0.1101226806640625	0.1027984619140625	9.805450439453125
Nexus6x05	1029390675252647	-0.1099700927734375	0.102935791015625	9.805450439453125
Nexus6x05	1029390679647178	-0.109832763671875	0.1024932861328125	9.805450439453125
Nexus6x05	1029390684041710	-0.109832763671875	0.1024932861328125	9.805450439453125
Nexus6x05	1029390688497276	-0.1102752685546875	0.1024932861328125	9.805450439453125
Nexus6x05	1029390692952842	-0.1105804443359375	0.1021881103515625	9.805450439453125
Nexus6x05	1029390697408409	-0.1104278564453125	0.1023406982421875	9.805450439453125
Nexus6x05	1029390701863975	-0.1107177734375	0.1024932861328125	9.805450439453125
Nexus6x05	1029390706289024	-0.1105804443359375	0.1026458740234375	9.805450439453125
Nexus6x05	1029390710744590	-0.1105804443359375	0.1026458740234375	9.805450439453125
Nexus6x05	1029390715200157	-0.1104278564453125	0.1026458740234375	9.805450439453125
Nexus6x05	1029390719655723	-0.1104278564453125	0.1027984619140625	9.805450439453125
Nexus6x05	1029390724111290	-0.1102752685546875	0.1026458740234375	9.805450439453125
Nexus6x05	1029390728566856	-0.1102752685546875	0.1024932861328125	9.805450439453125
Nexus6x05	1029390733022422	-0.1105804443359375	0.1024932861328125	9.805450439453125
Nexus6x05	1029390737477989	-0.110870361328125	0.1023406982421875	9.805450439453125
Nexus6x05	1029390741933555	-0.110870361328125	0.1024932861328125	9.805450439453125
Nexus6x05	1029390746389122	-0.110870361328125	0.1026458740234375	9.805450439453125
Nexus6x05	1029390750814171	-0.1105804443359375	0.1023406982421875	9.805450439453125
Nexus6x05	1029390755269737	-0.1104278564453125	0.1023406982421875	9.805450439453125
Nexus6x05	1029390759725303	-0.1102752685546875	0.1021881103515625	9.805450439453125
Nexus6x05	1029390764180870	-0.1104278564453125	0.10174560546875	9.805450439453125
Nexus6x05	1029390768636436	-0.1099700927734375	0.101898193359375	9.805450439453125
Nexus6x05	1029390773092003	-0.1101226806640625	0.10205078125	9.805450439453125
Nexus6x05	1029390777547569	-0.109832763671875	0.10205078125	9.805450439453125
Nexus6x05	1029390782003135	-0.10968017578125	0.10205078125	9.805450439453125
Nexus6x05	1029390786458702	-0.109375	0.10205078125	9.805450439453125
Nexus6x05	1029390790914268	-0.109375	0.101898193359375	9.805450439453125
Nexus6x05	1029390795339317	-0.109527587890625	0.10174560546875	9.805450439453125
Nexus6x05	1029390799794883	-0.109527587890625	0.10205078125	9.805450439453125
Nexus6x05	1029390804250450	-0.109527587890625	0.102935791015625	9.805450439453125
Nexus6x05	1029390808706016	-0.109527587890625	0.10308837890625	9.805450439453125
Nexus6x05	1029390813161583	-0.10968017578125	0.10308837890625	9.805450439453125
Nexus6x05	1029390817617149	-0.1101226806640625	0.1033935546875	9.805450439453125
Nexus6x05	1029390822072715	-0.1102752685546875	0.103546142578125	9.805450439453125
Nexus6x05	1029390826528282	-0.1104278564453125	0.10369873046875	9.805450439453125
Nexus6x05	1029390830983848	-0.1102752685546875	0.10369873046875	9.805450439453125
Nexus6x05	1029390835439415	-0.1101226806640625	0.103546142578125	9.805450439453125
Nexus6x05	1029390839864464	-0.1102752685546875	0.1038360595703125	9.805450439453125
Nexus6x05	1029390844320030	-0.1101226806640625	0.103546142578125	9.805450439453125
Nexus6x05	1029390848775596	-0.1101226806640625	0.103546142578125	9.805450439453125
Nexus6x05	1029390853231163	-0.1102752685546875	0.1038360595703125	9.805450439453125
Nexus6x05	1029390857686729	-0.1104278564453125	0.1038360595703125	9.805450439453125
Nexus6x05	1029390862142296	-0.1101226806640625	0.1041412353515625	9.805450439453125
Nexus6x05	1029390866597862	-0.1102752685546875	0.1038360595703125	9.805450439453125
Nexus6x05	1029390871053428	-0.1101226806640625	0.1038360595703125	9.805450439453125
Nexus6x05	1029390875508995	-0.109832763671875	0.1039886474609375	9.805450439453125
Nexus6x05	1029390879964561	-0.109832763671875	0.1038360595703125	9.805450439453125
Nexus6x05	1029390884389610	-0.109832763671875	0.1041412353515625	9.805450439453125
Nexus6x05	1029390888845176	-0.109832763671875	0.1041412353515625	9.805450439453125
Nexus6x05	1029390893300743	-0.109832763671875	0.1038360595703125	9.805450439453125
Nexus6x05	1029390897756309	-0.10968017578125	0.1039886474609375	9.805450439453125
Nexus6x05	1029390902211876	-0.10968017578125	0.10369873046875	9.805450439453125
Nexus6x05	1029390906667442	-0.109527587890625	0.1033935546875	9.805450439453125
Nexus6x05	1029390911123008	-0.10968017578125	0.1033935546875	9.805450439453125
Nexus6x05	1029390915578575	-0.10968017578125	0.103240966796875	9.805450439453125
Nexus6x05	1029390920034141	-0.109832763671875	0.1033935546875	9.805450439453125
Nexus6x05	1029390924489708	-0.109832763671875	0.103240966796875	9.805450439453125
Nexus6x05	1029390928914756	-0.1099700927734375	0.10308837890625	9.805450439453125
Nexus6x05	1029390933370323	-0.109375	0.103240966796875	9.805450439453125
Nexus6x05	1029390937825889	-0.109527587890625	0.1033935546875	9.805450439453125
Nexus6x05	1029390942281456	-0.109832763671875	0.10369873046875	9.805450439453125
Nexus6x05	1029390946737022	-0.10968017578125	0.1039886474609375	9.805450439453125
Nexus6x05	1029390951192589	-0.1101226806640625	0.1041412353515625	9.805450439453125
Nexus6x05	1029390955648155	-0.1099700927734375	0.1038360595703125	9.805450439453125
Nexus6x05	1029390960103721	-0.1099700927734375	0.1038360595703125	9.805450439453125
Nexus6x05	1029390964559288	-0.10968017578125	0.1038360595703125	9.805450439453125
Nexus6x05	1029390969014854	-0.1099700927734375	0.1039886474609375	9.805450439453125
Nexus6x05	1029390973439903	-0.109527587890625	0.1041412353515625	9.805450439453125
Nexus6x05	1029390977895469	-0.109832763671875	0.104583740234375	9.805450439453125
Nexus6x05	1029390982351036	-0.109832763671875	0.104583740234375	9.805450439453125
Nexus6x05	1029390986806602	-0.10968017578125	0.104583740234375	9.805450439453125
Nexus6x05	1029390991262169	-0.1099700927734375	0.104583740234375	9.805450439453125
Nexus6x05	1029390995717735	-0.1101226806640625	0.104888916015625	9.805450439453125
Nexus6x05	1029391000173301	-0.1099700927734375	0.10504150390625	9.805450439453125
Nexus6x05	1029391004628868	-0.1101226806640625	0.104583740234375	9.805450439453125
Nexus6x05	1029391009084434	-0.1102752685546875	0.104583740234375	9.805450439453125
Nexus6x05	1029391013540001	-0.1104278564453125	0.104583740234375	9.805450439453125
Nexus6x05	1029391017965049	-0.1102752685546875	0.104888916015625	9.805450439453125
Nexus6x05	1029391022420616	-0.110870361328125	0.104888916015625	9.805450439453125
Nexus6x05	1029391026876182	-0.111175537109375	0.104888916015625	9.805450439453125
Nexus6x05	1029391031331749	-0.1114654541015625	0.104888916015625	9.805450439453125
Nexus6x05	1029391035787315	-0.1116180419921875	0.104888916015625	9.8052978515625
Nexus6x05	1029391040242881	-0.1119232177734375	0.10504150390625	9.8052978515625
Nexus6x05	1029391044698448	-0.1117706298828125	0.104888916015625	9.8052978515625
Nexus6x05	1029391049154014	-0.1119232177734375	0.104736328125	9.8052978515625
Nexus6x05	1029391053609581	-0.1119232177734375	0.1042938232421875	9.805450439453125
Nexus6x05	1029391058034630	-0.1117706298828125	0.1044464111328125	9.805450439453125
Nexus6x05	1029391062490196	-0.1116180419921875	0.1039886474609375	9.805450439453125
Nexus6x05	1029391066945762	-0.111175537109375	0.1039886474609375	9.805450439453125
Nexus6x05	1029391071401329	-0.110870361328125	0.1041412353515625	9.805450439453125
Nexus6x05	1029391075856895	-0.111328125	0.1044464111328125	9.805450439453125
Nexus6x05	1029391080312462	-0.1114654541015625	0.1044464111328125	9.805450439453125
Nexus6x05	1029391084768028	-0.1114654541015625	0.104736328125	9.805450439453125
Nexus6x05	1029391089223594	-0.1116180419921875	0.104583740234375	9.805450439453125
Nexus6x05	1029391093679161	-0.1117706298828125	0.1044464111328125	9.805450439453125
Nexus6x05	1029391098134727	-0.1119232177734375	0.104583740234375	9.805450439453125
Nexus6x05	1029391102559776	-0.1119232177734375	0.104736328125	9.8052978515625
Nexus6x05	1029391107015342	-0.1120758056640625	0.104736328125	9.8052978515625
Nexus6x05	1029391111470909	-0.112213134765625	0.1042938232421875	9.805450439453125
Nexus6x05	1029391115926475	-0.1119232177734375	0.104583740234375	9.8052978515625
Nexus6x05	1029391120382042	-0.112213134765625	0.1044464111328125	9.8052978515625
Nexus6x05	1029391124837608	-0.1120758056640625	0.1044464111328125	9.8052978515625
Nexus6x05	1029391129293174	-0.1119232177734375	0.104736328125	9.8052978515625
Nexus6x05	1029391133748741	-0.112213134765625	0.104736328125	9.8052978515625
Nexus6x05	1029391138204307	-0.112518310546875	0.104583740234375	9.8052978515625
Nexus6x05	1029391142659874	-0.11297607421875	0.1044464111328125	9.8052978515625
Nexus6x05	1029391147084922	-0.1126708984375	0.1041412353515625	9.8052978515625
Nexus6x05	1029391151540489	-0.1131134033203125	0.1041412353515625	9.8052978515625
Nexus6x05	1029391155996055	-0.1132659912109375	0.1038360595703125	9.8052978515625
Nexus6x05	1029391160451622	-0.1132659912109375	0.10369873046875	9.8052978515625
Nexus6x05	1029391164907188	-0.1131134033203125	0.1039886474609375	9.8052978515625
Nexus6x05	1029391169362755	-0.112823486328125	0.103546142578125	9.805450439453125
Nexus6x05	1029391173818321	-0.11297607421875	0.1033935546875	9.805450439453125
Nexus6x05	1029391178273887	-0.1132659912109375	0.1033935546875	9.8052978515625
Nexus6x05	1029391182729454	-0.11297607421875	0.103240966796875	9.805450439453125
Nexus6x05	1029391187185020	-0.1131134033203125	0.103240966796875	9.805450439453125
Nexus6x05	1029391191610069	-0.1131134033203125	0.1027984619140625	9.805450439453125
Nexus6x05	1029391196065635	-0.1131134033203125	0.1027984619140625	9.805450439453125
Nexus6x05	1029391200521202	-0.1134185791015625	0.102935791015625	9.805450439453125
Nexus6x05	1029391204976768	-0.1132659912109375	0.102935791015625	9.805450439453125
Nexus6x05	1029391209432335	-0.1132659912109375	0.1026458740234375	9.805450439453125
Nexus6x05	1029391213887901	-0.1132659912109375	0.102935791015625	9.805450439453125
Nexus6x05	1029391218343467	-0.11297607421875	0.1026458740234375	9.805450439453125
Nexus6x05	1029391222799034	-0.11297607421875	0.102935791015625	9.805450439453125
Nexus6x05	1029391227254600	-0.112823486328125	0.1026458740234375	9.805450439453125
Nexus6x05	1029391231710167	-0.112518310546875	0.101593017578125	9.805450439453125
Nexus6x05	1029391236135215	-0.112518310546875	0.10174560546875	9.805450439453125
Nexus6x05	1029391240590782	-0.1126708984375	0.10174560546875	9.805450439453125
Nexus6x05	1029391245046348	-0.11236572265625	0.1021881103515625	9.805450439453125
Nexus6x05	1029391249501915	-0.112518310546875	0.1021881103515625	9.805450439453125
Nexus6x05	1029391253957481	-0.11236572265625	0.1021881103515625	9.805450439453125
Nexus6x05	1029391258413047	-0.112518310546875	0.1024932861328125	9.805450439453125
Nexus6x05	1029391262868614	-0.1126708984375	0.1024932861328125	9.805450439453125
Nexus6x05	1029391267324180	-0.112823486328125	0.1026458740234375	9.805450439453125
Nexus6x05	1029391271779747	-0.1126708984375	0.1024932861328125	9.805450439453125
Nexus6x05	1029391276235313	-0.1126708984375	0.102935791015625	9.805450439453125
Nexus6x05	1029391280660362	-0.112518310546875	0.10308837890625	9.805450439453125
Nexus6x05	1029391285115928	-0.1126708984375	0.10308837890625	9.805450439453125
Nexus6x05	1029391289571495	-0.112518310546875	0.102935791015625	9.805450439453125
Nexus6x05	1029391294027061	-0.11236572265625	0.1033935546875	9.805450439453125
Nexus6x05	1029391298482628	-0.11236572265625	0.103240966796875	9.805450439453125
Nexus6x05	1029391302938194	-0.112823486328125	0.103546142578125	9.805450439453125
Nexus6x05	1029391307393760	-0.11297607421875	0.1033935546875	9.805450439453125
Nexus6x05	1029391311849327	-0.11297607421875	0.10369873046875	9.8052978515625
Nexus6x05	1029391316304893	-0.11297607421875	0.1038360595703125	9.8052978515625
Nexus6x05	1029391320760460	-0.112823486328125	0.1041412353515625	9.8052978515625
Nexus6x05	1029391325185508	-0.112518310546875	0.1041412353515625	9.8052978515625
Nexus6x05	1029391329641075	-0.1126708984375	0.1041412353515625	9.8052978515625
Nexus6x05	1029391334096641	-0.1134185791015625	0.103546142578125	9.8052978515625
Nexus6x05	1029391338552208	-0.1131134033203125	0.103240966796875	9.805450439453125
Nexus6x05	1029391343007774	-0.11297607421875	0.1033935546875	9.805450439453125
Nexus6x05	1029391347463340	-0.1126708984375	0.103240966796875	9.805450439453125
Nexus6x05	1029391351918907	-0.1126708984375	0.103240966796875	9.805450439453125
Nexus6x05	1029391356374473	-0.112518310546875	0.1033935546875	9.805450439453125
Nexus6x05	1029391360830040	-0.112823486328125	0.1033935546875	9.805450439453125
Nexus6x05	1029391365255089	-0.112518310546875	0.103546142578125	9.805450439453125
Nexus6x05	1029391369710655	-0.112518310546875	0.10369873046875	9.805450439453125
Nexus6x05	1029391374166221	-0.1126708984375	0.103546142578125	9.805450439453125
Nexus6x05	1029391378621788	-0.1126708984375	0.1033935546875	9.805450439453125
Nexus6x05	1029391383077354	-0.112823486328125	0.103546142578125	9.805450439453125
Nexus6x05	1029391387532921	-0.1126708984375	0.10308837890625	9.805450439453125
Nexus6x05	1029391391988487	-0.1126708984375	0.102935791015625	9.805450439453125
Nexus6x05	1029391396444053	-0.1126708984375	0.102935791015625	9.805450439453125
Nexus6x05	1029391400899620	-0.1126708984375	0.1027984619140625	9.805450439453125
Nexus6x05	1029391405355186	-0.11236572265625	0.1026458740234375	9.805450439453125
Nexus6x05	1029391409780235	-0.112213134765625	0.10308837890625	9.805450439453125
Nexus6x05	1029391414235801	-0.11297607421875	0.1033935546875	9.805450439453125
Nexus6x05	1029391418691368	-0.113861083984375	0.1042938232421875	9.8052978515625
Nexus6x05	1029391423146934	-0.114013671875	0.1042938232421875	9.8052978515625
Nexus6x05	1029391427602501	-0.114166259765625	0.1044464111328125	9.8052978515625
Nexus6x05	1029391432058067	-0.1146087646484375	0.1044464111328125	9.8052978515625
Nexus6x05	1029391436513633	-0.1146087646484375	0.104736328125	9.8052978515625
Nexus6x05	1029391440969200	-0.1146087646484375	0.104888916015625	9.8052978515625
Nexus6x05	1029391445424766	-0.114471435546875	0.10504150390625	9.8052978515625
Nexus6x05	1029391449880333	-0.1147613525390625	0.104888916015625	9.8052978515625
Nexus6x05	1029391454305381	-0.1147613525390625	0.104888916015625	9.8052978515625
Nexus6x05	1029391458760948	-0.1147613525390625	0.105194091796875	9.8052978515625
Nexus6x05	1029391463216514	-0.114471435546875	0.104888916015625	9.8052978515625
Nexus6x05	1029391467672081	-0.11431884765625	0.104888916015625	9.8052978515625
Nexus6x05	1029391472127647	-0.1146087646484375	0.1054840087890625	9.8052978515625
Nexus6x05	1029391476583214	-0.11431884765625	0.1054840087890625	9.8052978515625
Nexus6x05	1029391481038780	-0.11431884765625	0.105194091796875	9.8052978515625
Nexus6x05	1029391485494346	-0.114166259765625	0.105194091796875	9.8052978515625
Nexus6x05	1029391489949913	-0.114166259765625	0.104888916015625	9.8052978515625
Nexus6x05	1029391494405479	-0.113861083984375	0.104583740234375	9.8052978515625
Nexus6x05	1029391498830528	-0.113861083984375	0.104736328125	9.8052978515625
Nexus6x05	1029391503286094	-0.114013671875	0.104583740234375	9.8052978515625
Nexus6x05	1029391507741661	-0.114471435546875	0.104736328125	9.8052978515625
Nexus6x05	1029391512197227	-0.11431884765625	0.104583740234375	9.8052978515625
Nexus6x05	1029391516652794	-0.114013671875	0.104583740234375	9.8052978515625
Nexus6x05	1029391521108360	-0.114471435546875	0.104583740234375	9.8052978515625
Nexus6x05	1029391525563926	-0.1146087646484375	0.104888916015625	9.8052978515625
Nexus6x05	1029391530019493	-0.114166259765625	0.10504150390625	9.8052978515625
Nexus6x05	1029391534475059	-0.114166259765625	0.104583740234375	9.8052978515625
Nexus6x05	1029391538930626	-0.11431884765625	0.104583740234375	9.8052978515625
Nexus6x05	1029391543355674	-0.11431884765625	0.104583740234375	9.8052978515625
Nexus6x05	1029391547811241	-0.11431884765625	0.1041412353515625	9.8052978515625
Nexus6x05	1029391552266807	-0.114471435546875	0.1042938232421875	9.8052978515625
Nexus6x05	1029391556722374	-0.11431884765625	0.1041412353515625	9.8052978515625
Nexus6x05	1029391561177940	-0.1147613525390625	0.1039886474609375	9.8052978515625
Nexus6x05	1029391565633506	-0.1149139404296875	0.1042938232421875	9.8052978515625
Nexus6x05	1029391570089073	-0.1149139404296875	0.1044464111328125	9.8052978515625
Nexus6x05	1029391574544639	-0.1152191162109375	0.1042938232421875	9.8052978515625
Nexus6x05	1029391579000206	-0.1150665283203125	0.1041412353515625	9.8052978515625
Nexus6x05	1029391583455772	-0.1153564453125	0.1038360595703125	9.8052978515625
Nexus6x05	1029391587880821	-0.11566162109375	0.1041412353515625	9.8052978515625
Nexus6x05	1029391592336387	-0.11566162109375	0.1038360595703125	9.8052978515625
Nexus6x05	1029391596791954	-0.115509033203125	0.1039886474609375	9.8052978515625
Nexus6x05	1029391601247520	-0.1153564453125	0.1038360595703125	9.8052978515625
Nexus6x05	1029391605703087	-0.1153564453125	0.10369873046875	9.8052978515625
Nexus6x05	1029391610158653	-0.1152191162109375	0.103546142578125	9.8052978515625
Nexus6x05	1029391614614219	-0.1153564453125	0.1041412353515625	9.8052978515625
Nexus6x05	1029391619069786	-0.1149139404296875	0.1038360595703125	9.8052978515625
Nexus6x05	1029391623525352	-0.1150665283203125	0.10369873046875	9.8052978515625
Nexus6x05	1029391627980919	-0.11566162109375	0.1038360595703125	9.8052978515625
Nexus6x05	1029391632405967	-0.1150665283203125	0.10369873046875	9.8052978515625
Nexus6x05	1029391636861534	-0.1149139404296875	0.1038360595703125	9.8052978515625
Nexus6x05	1029391641317100	-0.11431884765625	0.104888916015625	9.8052978515625
Nexus6x05	1029391645772667	-0.11431884765625	0.1053314208984375	9.8052978515625
Nexus6x05	1029391650228233	-0.114166259765625	0.1053314208984375	9.8052978515625
Nexus6x05	1029391654683799	-0.11431884765625	0.1054840087890625	9.8052978515625
Nexus6x05	1029391659139366	-0.11431884765625	0.105194091796875	9.8052978515625
Nexus6x05	1029391663594932	-0.11431884765625	0.1056365966796875	9.8052978515625
Nexus6x05	1029391668050499	-0.114166259765625	0.1057891845703125	9.8052978515625
Nexus6x05	1029391672475547	-0.114013671875	0.1057891845703125	9.8052978515625
Nexus6x05	1029391676931114	-0.113861083984375	0.1056365966796875	9.8052978515625
Nexus6x05	1029391681386680	-0.113861083984375	0.1060791015625	9.8052978515625
Nexus6x05	1029391685842247	-0.114013671875	0.1060791015625	9.8052978515625
Nexus6x05	1029391690297813	-0.114013671875	0.1069793701171875	9.8052978515625
Nexus6x05	1029391694753380	-0.1135711669921875	0.1069793701171875	9.8052978515625
Nexus6x05	1029391699208946	-0.1135711669921875	0.1068267822265625	9.8052978515625
Nexus6x05	1029391703664512	-0.113861083984375	0.1069793701171875	9.8052978515625
Nexus6x05	1029391708120079	-0.113861083984375	0.1071319580078125	9.8052978515625
Nexus6x05	1029391712575645	-0.114166259765625	0.1072845458984375	9.8052978515625
Nexus6x05	1029391717000694	-0.11431884765625	0.1071319580078125	9.8052978515625
Nexus6x05	1029391721456260	-0.11431884765625	0.1069793701171875	9.8052978515625
Nexus6x05	1029391725911827	-0.114013671875	0.1071319580078125	9.8052978515625
Nexus6x05	1029391730367393	-0.1137237548828125	0.1071319580078125	9.8052978515625
Nexus6x05	1029391734822960	-0.113861083984375	0.1072845458984375	9.8052978515625
Nexus6x05	1029391739278526	-0.114013671875	0.107574462890625	9.8052978515625
Nexus6x05	1029391743734092	-0.114166259765625	0.1072845458984375	9.8052978515625
Nexus6x05	1029391748189659	-0.114471435546875	0.1069793701171875	9.8052978515625
Nexus6x05	1029391752645225	-0.11431884765625	0.1074371337890625	9.8052978515625
Nexus6x05	1029391757100792	-0.114166259765625	0.10772705078125	9.8052978515625
Nexus6x05	1029391761525840	-0.114166259765625	0.10772705078125	9.8052978515625
Nexus6x05	1029391765981407	-0.1137237548828125	0.10772705078125	9.8052978515625
Nexus6x05	1029391770436973	-0.113861083984375	0.107574462890625	9.8052978515625
Nexus6x05	1029391774892540	-0.1137237548828125	0.107879638671875	9.8052978515625
Nexus6x05	1029391779348106	-0.1135711669921875	0.1080322265625	9.8052978515625
Nexus6x05	1029391783803672	-0.1135711669921875	0.107879638671875	9.8052978515625
Nexus6x05	1029391788259239	-0.1137237548828125	0.10772705078125	9.8052978515625
Nexus6x05	1029391792714805	-0.114013671875	0.107574462890625	9.8052978515625
Nexus6x05	1029391797170372	-0.114013671875	0.1072845458984375	9.8052978515625
Nexus6x05	1029391801625938	-0.114013671875	0.1072845458984375	9.8052978515625
Nexus6x05	1029391806050987	-0.113861083984375	0.1074371337890625	9.8052978515625
Nexus6x05	1029391810506553	-0.113861083984375	0.1074371337890625	9.8052978515625
Nexus6x05	1029391814962120	-0.113861083984375	0.1071319580078125	9.8052978515625
Nexus6x05	1029391819417686	-0.1137237548828125	0.1072845458984375	9.8052978515625
Nexus6x05	1029391823873253	-0.1137237548828125	0.1071319580078125	9.8052978515625
Nexus6x05	1029391828328819	-0.114166259765625	0.1069793701171875	9.8052978515625
Nexus6x05	1029391832784385	-0.114166259765625	0.1071319580078125	9.8052978515625
Nexus6x05	1029391837239952	-0.114166259765625	0.1069793701171875	9.8052978515625
Nexus6x05	1029391841695518	-0.114166259765625	0.1069793701171875	9.8052978515625
Nexus6x05	1029391846151085	-0.114166259765625	0.10638427734375	9.8052978515625
Nexus6x05	1029391850576133	-0.114013671875	0.106231689453125	9.8052978515625
Nexus6x05	1029391855031700	-0.1135711669921875	0.106231689453125	9.8052978515625
Nexus6x05	1029391859487266	-0.114013671875	0.1060791015625	9.8052978515625
Nexus6x05	1029391863942833	-0.113861083984375	0.106231689453125	9.8052978515625
Nexus6x05	1029391868398399	-0.113861083984375	0.1057891845703125	9.8052978515625
Nexus6x05	1029391872853965	-0.1137237548828125	0.1053314208984375	9.8052978515625
Nexus6x05	1029391877309532	-0.1137237548828125	0.105194091796875	9.8052978515625
Nexus6x05	1029391881765098	-0.114013671875	0.105194091796875	9.8052978515625
Nexus6x05	1029391886220665	-0.113861083984375	0.1056365966796875	9.8052978515625
Nexus6x05	1029391890676231	-0.1135711669921875	0.1056365966796875	9.8052978515625
Nexus6x05	1029391895101280	-0.1134185791015625	0.1057891845703125	9.8052978515625
Nexus6x05	1029391899556846	-0.1135711669921875	0.1060791015625	9.8052978515625
Nexus6x05	1029391904012413	-0.1135711669921875	0.10638427734375	9.8052978515625
Nexus6x05	1029391908467979	-0.1135711669921875	0.106231689453125	9.8052978515625
Nexus6x05	1029391912923546	-0.1134185791015625	0.10638427734375	9.8052978515625
Nexus6x05	1029391917379112	-0.1134185791015625	0.10638427734375	9.8052978515625
Nexus6x05	1029391921834678	-0.1134185791015625	0.1060791015625	9.8052978515625
Nexus6x05	1029391926290245	-0.1135711669921875	0.1060791015625	9.8052978515625
Nexus6x05	1029391930745811	-0.1137237548828125	0.1060791015625	9.8052978515625
Nexus6x05	1029391935201378	-0.113861083984375	0.1053314208984375	9.8052978515625
Nexus6x05	1029391939626426	-0.1137237548828125	0.1053314208984375	9.8052978515625
Nexus6x05	1029391944081993	-0.1137237548828125	0.1053314208984375	9.8052978515625
Nexus6x05	1029391948537559	-0.113861083984375	0.105194091796875	9.8052978515625
Nexus6x05	1029391952993126	-0.114013671875	0.1053314208984375	9.8052978515625
Nexus6x05	1029391957448692	-0.11431884765625	0.105194091796875	9.8052978515625
Nexus6x05	1029391961904258	-0.11431884765625	0.105194091796875	9.8052978515625
Nexus6x05	1029391966359825	-0.11431884765625	0.1053314208984375	9.8052978515625
Nexus6x05	1029391970815391	-0.114166259765625	0.105194091796875	9.8052978515625
Nexus6x05	1029391975270958	-0.114166259765625	0.105194091796875	9.8052978515625
Nexus6x05	1029391979726524	-0.1146087646484375	0.105194091796875	9.8052978515625
Nexus6x05	1029391984151573	-0.1149139404296875	0.10504150390625	9.8052978515625
Nexus6x05	1029391988607139	-0.1147613525390625	0.10504150390625	9.8052978515625
Nexus6x05	1029391993062706	-0.114471435546875	0.1053314208984375	9.8052978515625
Nexus6x05	1029391997518272	-0.11431884765625	0.104888916015625	9.8052978515625
Nexus6x05	1029392001973839	-0.1147613525390625	0.10504150390625	9.8052978515625
Nexus6x05	1029392006429405	-0.1147613525390625	0.1053314208984375	9.8052978515625
Nexus6x05	1029392010884971	-0.1149139404296875	0.1053314208984375	9.8052978515625
Nexus6x05	1029392015340538	-0.1152191162109375	0.1056365966796875	9.8052978515625
Nexus6x05	1029392019796104	-0.1162567138671875	0.1057891845703125	9.8052978515625
Nexus6x05	1029392024221153	-0.1161041259765625	0.1057891845703125	9.8052978515625
Nexus6x05	1029392028676719	-0.1162567138671875	0.1059417724609375	9.8052978515625
Nexus6x05	1029392033132286	-0.1161041259765625	0.10638427734375	9.8052978515625
Nexus6x05	1029392037587852	-0.115966796875	0.10638427734375	9.8052978515625
Nexus6x05	1029392042043419	-0.115966796875	0.10638427734375	9.8052978515625
Nexus6x05	1029392046498985	-0.115814208984375	0.1069793701171875	9.8052978515625
Nexus6x05	1029392050954551	-0.1161041259765625	0.1068267822265625	9.8052978515625
Nexus6x05	1029392055410118	-0.1161041259765625	0.1068267822265625	9.8052978515625
Nexus6x05	1029392059865684	-0.115966796875	0.1072845458984375	9.8052978515625
Nexus6x05	1029392064321251	-0.115966796875	0.107574462890625	9.8052978515625
Nexus6x05	1029392068746299	-0.11566162109375	0.1074371337890625	9.8052978515625
Nexus6x05	1029392073201866	-0.1153564453125	0.1071319580078125	9.8052978515625
Nexus6x05	1029392077657432	-0.1153564453125	0.1069793701171875	9.8052978515625
Nexus6x05	1029392082112999	-0.115814208984375	0.1068267822265625	9.8052978515625
Nexus6x05	1029392086568565	-0.115509033203125	0.106689453125	9.8052978515625
Nexus6x05	1029392091024131	-0.115509033203125	0.106536865234375	9.8052978515625
Nexus6x05	1029392095479698	-0.11566162109375	0.106536865234375	9.8052978515625
Nexus6x05	1029392099935264	-0.1153564453125	0.10638427734375	9.8052978515625
Nexus6x05	1029392104390831	-0.1153564453125	0.106231689453125	9.8052978515625
Nexus6x05	1029392108846397	-0.115814208984375	0.1060791015625	9.8052978515625
Nexus6x05	1029392113271446	-0.115814208984375	0.106231689453125	9.8052978515625
Nexus6x05	1029392117727012	-0.115966796875	0.1060791015625	9.8052978515625
Nexus6x05	1029392122182579	-0.11566162109375	0.1060791015625	9.8052978515625
Nexus6x05	1029392126638145	-0.115814208984375	0.1060791015625	9.8052978515625
Nexus6x05	1029392131093712	-0.115814208984375	0.106231689453125	9.8052978515625
Nexus6x05	1029392135549278	-0.1153564453125	0.1060791015625	9.8052978515625
Nexus6x05	1029392140004844	-0.1152191162109375	0.1057891845703125	9.8052978515625
Nexus6x05	1029392144460411	-0.11566162109375	0.1057891845703125	9.8052978515625
Nexus6x05	1029392148915977	-0.115814208984375	0.1053314208984375	9.8052978515625
Nexus6x05	1029392153371544	-0.115509033203125	0.10504150390625	9.8052978515625
Nexus6x05	1029392157796592	-0.1150665283203125	0.10504150390625	9.8052978515625
Nexus6x05	1029392162252159	-0.1152191162109375	0.10504150390625	9.8052978515625
Nexus6x05	1029392166707725	-0.1152191162109375	0.105194091796875	9.8052978515625
Nexus6x05	1029392171163292	-0.1153564453125	0.104888916015625	9.8052978515625
Nexus6x05	1029392175618858	-0.1150665283203125	0.105194091796875	9.8052978515625
Nexus6x05	1029392180074424	-0.1150665283203125	0.1053314208984375	9.8052978515625
Nexus6x05	1029392184529991	-0.1150665283203125	0.1059417724609375	9.8052978515625
Nexus6x05	1029392188985557	-0.115509033203125	0.1060791015625	9.8052978515625
Nexus6x05	1029392193441124	-0.1153564453125	0.106231689453125	9.8052978515625
Nexus6x05	1029392197896690	-0.1153564453125	0.10638427734375	9.8052978515625
Nexus6x05	1029392202321739	-0.115509033203125	0.106231689453125	9.8052978515625
Nexus6x05	1029392206777305	-0.1153564453125	0.10638427734375	9.8052978515625
Nexus6x05	1029392211232872	-0.1153564453125	0.106689453125	9.8052978515625
Nexus6x05	1029392215688438	-0.1153564453125	0.10638427734375	9.8052978515625
Nexus6x05	1029392220144005	-0.1150665283203125	0.1059417724609375	9.8052978515625
Nexus6x05	1029392224599571	-0.1152191162109375	0.1059417724609375	9.8052978515625
Nexus6x05	1029392229055137	-0.1150665283203125	0.1059417724609375	9.8052978515625
Nexus6x05	1029392233510704	-0.1150665283203125	0.1059417724609375	9.8052978515625
Nexus6x05	1029392237966270	-0.1152191162109375	0.1057891845703125	9.8052978515625
Nexus6x05	1029392242421837	-0.1152191162109375	0.1056365966796875	9.8052978515625
Nexus6x05	1029392246846885	-0.1152191162109375	0.1057891845703125	9.8052978515625
Nexus6x05	1029392251302452	-0.1153564453125	0.1054840087890625	9.8052978515625
Nexus6x05	1029392255758018	-0.1153564453125	0.1054840087890625	9.8052978515625
Nexus6x05	1029392260213585	-0.1153564453125	0.105194091796875	9.8052978515625
Nexus6x05	1029392264669151	-0.1153564453125	0.105194091796875	9.8052978515625
Nexus6x05	1029392269124717	-0.1152191162109375	0.1053314208984375	9.8052978515625
Nexus6x05	1029392273580284	-0.1153564453125	0.1054840087890625	9.8052978515625
Nexus6x05	1029392278035850	-0.1152191162109375	0.105194091796875	9.8052978515625
Nexus6x05	1029392282491417	-0.1150665283203125	0.1053314208984375	9.8052978515625
Nexus6x05	1029392286946983	-0.1152191162109375	0.105194091796875	9.8052978515625
Nexus6x05	1029392291372032	-0.1150665283203125	0.1056365966796875	9.8052978515625
Nexus6x05	1029392295827598	-0.1150665283203125	0.1053314208984375	9.8052978515625
Nexus6x05	1029392300283165	-0.1153564453125	0.1053314208984375	9.8052978515625
Nexus6x05	1029392304738731	-0.115814208984375	0.1069793701171875	9.8052978515625
Nexus6x05	1029392309194297	-0.11566162109375	0.1068267822265625	9.8052978515625
Nexus6x05	1029392313649864	-0.115814208984375	0.1069793701171875	9.8052978515625
Nexus6x05	1029392318105430	-0.115814208984375	0.1068267822265625	9.8052978515625
Nexus6x05	1029392322560997	-0.115814208984375	0.1069793701171875	9.8052978515625
Nexus6x05	1029392327016563	-0.115814208984375	0.1072845458984375	9.8052978515625
Nexus6x05	1029392331441612	-0.115814208984375	0.1074371337890625	9.8052978515625
Nexus6x05	1029392335897178	-0.11566162109375	0.1072845458984375	9.8052978515625
Nexus6x05	1029392340352745	-0.115814208984375	0.1072845458984375	9.8052978515625
Nexus6x05	1029392344808311	-0.1161041259765625	0.1072845458984375	9.8052978515625
Nexus6x05	1029392349263878	-0.115966796875	0.1068267822265625	9.8052978515625
Nexus6x05	1029392353719444	-0.1161041259765625	0.106536865234375	9.8052978515625
Nexus6x05	1029392358175010	-0.1162567138671875	0.10638427734375	9.8052978515625
Nexus6x05	1029392362630577	-0.115814208984375	0.10638427734375	9.8052978515625
Nexus6x05	1029392367086143	-0.115966796875	0.1068267822265625	9.8052978515625
Nexus6x05	1029392371541710	-0.115509033203125	0.1068267822265625	9.8052978515625
Nexus6x05	1029392375966758	-0.115509033203125	0.1069793701171875	9.8052978515625
Nexus6x05	1029392380422325	-0.1153564453125	0.1072845458984375	9.8052978515625
Nexus6x05	1029392384877891	-0.115814208984375	0.1072845458984375	9.8052978515625
Nexus6x05	1029392389333458	-0.1161041259765625	0.1072845458984375	9.8052978515625
Nexus6x05	1029392393789024	-0.1162567138671875	0.1068267822265625	9.8052978515625
Nexus6x05	1029392398214073	-0.115814208984375	0.1069793701171875	9.8052978515625
Nexus6x05	1029392402639122	-0.115814208984375	0.1069793701171875	9.8052978515625
Nexus6x05	1029392407064171	-0.1162567138671875	0.1071319580078125	9.8052978515625
Nexus6x05	1029392411489219	-0.1164093017578125	0.107574462890625	9.8052978515625
Nexus6x05	1029392415914268	-0.1161041259765625	0.107574462890625	9.8052978515625
Nexus6x05	1029392420339317	-0.1161041259765625	0.10772705078125	9.8052978515625
Nexus6x05	1029392424764366	-0.1161041259765625	0.107879638671875	9.8052978515625
Nexus6x05	1029392429189415	-0.1162567138671875	0.10772705078125	9.8052978515625
Nexus6x05	1029392433614464	-0.1162567138671875	0.107879638671875	9.8052978515625
Nexus6x05	1029392438039512	-0.1161041259765625	0.10833740234375	9.8052978515625
Nexus6x05	1029392442464561	-0.1165618896484375	0.1080322265625	9.8052978515625
Nexus6x05	1029392446889610	-0.1167144775390625	0.107879638671875	9.8052978515625
Nexus6x05	1029392451314659	-0.116851806640625	0.10772705078125	9.8052978515625
Nexus6x05	1029392455739708	-0.1173095703125	0.107879638671875	9.8052978515625
Nexus6x05	1029392460164756	-0.116851806640625	0.10772705078125	9.8052978515625
Nexus6x05	1029392464589805	-0.11700439453125	0.10772705078125	9.8052978515625
Nexus6x05	1029392469014854	-0.116851806640625	0.107879638671875	9.8052978515625
Nexus6x05	1029392473439903	-0.116851806640625	0.10772705078125	9.8052978515625
Nexus6x05	1029392477864952	-0.1173095703125	0.107879638671875	9.8052978515625
Nexus6x05	1029392482290001	-0.1177520751953125	0.107879638671875	9.8052978515625
Nexus6x05	1029392486715049	-0.1179046630859375	0.107879638671875	9.8052978515625
Nexus6x05	1029392491140098	-0.117462158203125	0.10833740234375	9.8052978515625
Nexus6x05	1029392495565147	-0.117462158203125	0.1080322265625	9.8052978515625
Nexus6x05	1029392499990196	-0.11761474609375	0.10833740234375	9.8052978515625
Nexus6x05	1029392504415245	-0.117462158203125	0.10833740234375	9.8052978515625
Nexus6x05	1029392508840294	-0.117462158203125	0.1084747314453125	9.8052978515625
Nexus6x05	1029392513265342	-0.11761474609375	0.1087799072265625	9.8052978515625
Nexus6x05	1029392517690391	-0.117462158203125	0.1087799072265625	9.8052978515625
Nexus6x05	1029392522115440	-0.117462158203125	0.1090850830078125	9.8052978515625
Nexus6x05	1029392526540489	-0.11761474609375	0.1086273193359375	9.8052978515625
Nexus6x05	1029392530965538	-0.1177520751953125	0.1089324951171875	9.8052978515625
Nexus6x05	1029392535390587	-0.117462158203125	0.1089324951171875	9.8052978515625
Nexus6x05	1029392539815635	-0.1173095703125	0.1090850830078125	9.8052978515625
Nexus6x05	1029392544240684	-0.1173095703125	0.109222412109375	9.8052978515625
Nexus6x05	1029392548665733	-0.117462158203125	0.109375	9.8052978515625
Nexus6x05	1029392553090782	-0.1173095703125	0.1089324951171875	9.8052978515625
Nexus6x05	1029392557515831	-0.11761474609375	0.1090850830078125	9.8052978515625
Nexus6x05	1029392561940880	-0.117462158203125	0.1089324951171875	9.8052978515625
Nexus6x05	1029392566365928	-0.117156982421875	0.1087799072265625	9.8052978515625
Nexus6x05	1029392570790977	-0.117156982421875	0.1089324951171875	9.8052978515625
Nexus6x05	1029392575216026	-0.11700439453125	0.1089324951171875	9.8052978515625
Nexus6x05	1029392579641075	-0.11700439453125	0.1090850830078125	9.8052978515625
Nexus6x05	1029392584066124	-0.11700439453125	0.1089324951171875	9.8052978515625
Nexus6x05	1029392588491172	-0.116851806640625	0.109222412109375	9.8052978515625
Nexus6x05	1029392592916221	-0.11700439453125	0.10968017578125	9.8052978515625
Nexus6x05	1029392597341270	-0.11700439453125	0.109222412109375	9.8052978515625
Nexus6x05	1029392601766319	-0.1167144775390625	0.1090850830078125	9.8052978515625
Nexus6x05	1029392606191368	-0.1167144775390625	0.1086273193359375	9.8052978515625
Nexus6x05	1029392610616417	-0.1165618896484375	0.1087799072265625	9.8052978515625
Nexus6x05	1029392615041465	-0.117156982421875	0.1089324951171875	9.8052978515625
Nexus6x05	1029392619466514	-0.117156982421875	0.1087799072265625	9.8052978515625
Nexus6x05	1029392623891563	-0.11761474609375	0.1087799072265625	9.8052978515625
Nexus6x05	1029392628316612	-0.11761474609375	0.1087799072265625	9.8052978515625
Nexus6x05	1029392632741661	-0.11761474609375	0.1089324951171875	9.8052978515625
Nexus6x05	1029392637166710	-0.1179046630859375	0.1089324951171875	9.8052978515625
Nexus6x05	1029392641591758	-0.1179046630859375	0.1087799072265625	9.8052978515625
Nexus6x05	1029392646016807	-0.1179046630859375	0.1086273193359375	9.8052978515625
Nexus6x05	1029392650441856	-0.1182098388671875	0.10833740234375	9.8052978515625
Nexus6x05	1029392654866905	-0.1183624267578125	0.10833740234375	9.8052978515625
Nexus6x05	1029392659291954	-0.118499755859375	0.1086273193359375	9.8052978515625
Nexus6x05	1029392663717003	-0.1182098388671875	0.1084747314453125	9.8052978515625
Nexus6x05	1029392668142051	-0.1180572509765625	0.1084747314453125	9.8052978515625
Nexus6x05	1029392672567100	-0.1179046630859375	0.1086273193359375	9.8052978515625
Nexus6x05	1029392676992149	-0.11761474609375	0.1087799072265625	9.8052978515625
Nexus6x05	1029392681417198	-0.1177520751953125	0.1090850830078125	9.8052978515625
Nexus6x05	1029392685842247	-0.1179046630859375	0.1089324951171875	9.8052978515625
Nexus6x05	1029392690267296	-0.1180572509765625	0.109527587890625	9.8052978515625
Nexus6x05	1029392694692344	-0.1183624267578125	0.109527587890625	9.8052978515625
Nexus6x05	1029392699117393	-0.1179046630859375	0.109375	9.8052978515625
Nexus6x05	1029392703542442	-0.1179046630859375	0.109527587890625	9.8052978515625
Nexus6x05	1029392707967491	-0.1182098388671875	0.109832763671875	9.8052978515625
Nexus6x05	1029392712392540	-0.1180572509765625	0.109527587890625	9.8052978515625
Nexus6x05	1029392716817589	-0.1179046630859375	0.109527587890625	9.8052978515625
Nexus6x05	1029392721242637	-0.1177520751953125	0.10968017578125	9.8052978515625
Nexus6x05	1029392725667686	-0.1183624267578125	0.109375	9.8052978515625
Nexus6x05	1029392730092735	-0.118804931640625	0.109375	9.8052978515625
Nexus6x05	1029392734517784	-0.11865234375	0.109222412109375	9.8052978515625
Nexus6x05	1029392738942833	-0.1183624267578125	0.1099700927734375	9.8052978515625
Nexus6x05	1029392743367881	-0.1182098388671875	0.1099700927734375	9.8052978515625
Nexus6x05	1029392747792930	-0.1182098388671875	0.1104278564453125	9.8052978515625
Nexus6x05	1029392752217979	-0.1177520751953125	0.1105804443359375	9.8052978515625
Nexus6x05	1029392756643028	-0.1180572509765625	0.1107177734375	9.8052978515625
Nexus6x05	1029392761068077	-0.1180572509765625	0.1107177734375	9.8052978515625
Nexus6x05	1029392765493126	-0.1182098388671875	0.110870361328125	9.8052978515625
Nexus6x05	1029392769918174	-0.1182098388671875	0.11102294921875	9.8052978515625
Nexus6x05	1029392774343223	-0.1183624267578125	0.110870361328125	9.8052978515625
Nexus6x05	1029392778768272	-0.118499755859375	0.11102294921875	9.8052978515625
Nexus6x05	1029392783193321	-0.1182098388671875	0.111328125	9.8052978515625
Nexus6x05	1029392787618370	-0.1183624267578125	0.1114654541015625	9.805145263671875
Nexus6x05	1029392792043419	-0.11865234375	0.111328125	9.805145263671875
Nexus6x05	1029392796468467	-0.11865234375	0.1117706298828125	9.805145263671875
Nexus6x05	1029392800893516	-0.11895751953125	0.1114654541015625	9.805145263671875
Nexus6x05	1029392805318565	-0.118804931640625	0.1119232177734375	9.805145263671875
Nexus6x05	1029392809743614	-0.118499755859375	0.112213134765625	9.805145263671875
Nexus6x05	1029392814168663	-0.11865234375	0.112213134765625	9.805145263671875
Nexus6x05	1029392818593712	-0.11865234375	0.112518310546875	9.805145263671875
Nexus6x05	1029392823018760	-0.118499755859375	0.11236572265625	9.805145263671875
Nexus6x05	1029392827443809	-0.1183624267578125	0.1120758056640625	9.805145263671875
Nexus6x05	1029392831868858	-0.11895751953125	0.112518310546875	9.805145263671875
Nexus6x05	1029392836293907	-0.1192474365234375	0.1120758056640625	9.805145263671875
Nexus6x05	1029392840718956	-0.119110107421875	0.1120758056640625	9.805145263671875
Nexus6x05	1029392845144005	-0.118804931640625	0.11236572265625	9.805145263671875
Nexus6x05	1029392849569053	-0.1192474365234375	0.1126708984375	9.805145263671875
Nexus6x05	1029392853994102	-0.1198577880859375	0.1126708984375	9.805145263671875
Nexus6x05	1029392858419151	-0.1194000244140625	0.1126708984375	9.805145263671875
Nexus6x05	1029392862844200	-0.1195526123046875	0.112823486328125	9.805145263671875
Nexus6x05	1029392867269249	-0.1192474365234375	0.1126708984375	9.805145263671875
Nexus6x05	1029392871694297	-0.1195526123046875	0.1126708984375	9.805145263671875
Nexus6x05	1029392876119346	-0.1194000244140625	0.11297607421875	9.805145263671875
Nexus6x05	1029392880544395	-0.1198577880859375	0.1135711669921875	9.805145263671875
Nexus6x05	1029392884969444	-0.1197052001953125	0.1137237548828125	9.805145263671875
Nexus6x05	1029392889394493	-0.1197052001953125	0.1134185791015625	9.805145263671875
Nexus6x05	1029392893819542	-0.1195526123046875	0.112823486328125	9.805145263671875
Nexus6x05	1029392898244590	-0.1194000244140625	0.11297607421875	9.805145263671875
Nexus6x05	1029392902669639	-0.119110107421875	0.1132659912109375	9.805145263671875
Nexus6x05	1029392907094688	-0.1192474365234375	0.112823486328125	9.805145263671875
Nexus6x05	1029392911519737	-0.1195526123046875	0.112518310546875	9.805145263671875
Nexus6x05	1029392915944786	-0.1195526123046875	0.1126708984375	9.805145263671875
Nexus6x05	1029392920369835	-0.1194000244140625	0.112823486328125	9.805145263671875
Nexus6x05	1029392924794883	-0.1194000244140625	0.1126708984375	9.805145263671875
Nexus6x05	1029392929219932	-0.1197052001953125	0.112518310546875	9.805145263671875
Nexus6x05	1029392933644981	-0.1198577880859375	0.1116180419921875	9.805145263671875
Nexus6x05	1029392938070030	-0.1197052001953125	0.1114654541015625	9.805145263671875
Nexus6x05	1029392942495079	-0.1195526123046875	0.1119232177734375	9.805145263671875
Nexus6x05	1029392946920128	-0.1197052001953125	0.1119232177734375	9.805145263671875
Nexus6x05	1029392951345176	-0.1195526123046875	0.112213134765625	9.805145263671875
Nexus6x05	1029392955770225	-0.1195526123046875	0.11236572265625	9.805145263671875
Nexus6x05	1029392960195274	-0.1197052001953125	0.11236572265625	9.805145263671875
Nexus6x05	1029392964620323	-0.1197052001953125	0.112213134765625	9.805145263671875
Nexus6x05	1029392969045372	-0.1192474365234375	0.1119232177734375	9.805145263671875
Nexus6x05	1029392973470421	-0.1194000244140625	0.1120758056640625	9.805145263671875
Nexus6x05	1029392977895469	-0.1198577880859375	0.1120758056640625	9.805145263671875
Nexus6x05	1029392982320518	-0.1199951171875	0.11236572265625	9.805145263671875
Nexus6x05	1029392986745567	-0.1198577880859375	0.112518310546875	9.805145263671875
Nexus6x05	1029392991170616	-0.1199951171875	0.1126708984375	9.805145263671875
Nexus6x05	1029392995595665	-0.1195526123046875	0.11236572265625	9.805145263671875
Nexus6x05	1029393000020714	-0.1195526123046875	0.11236572265625	9.805145263671875
Nexus6x05	1029393004445762	-0.1197052001953125	0.112213134765625	9.805145263671875
Nexus6x05	1029393008870811	-0.1195526123046875	0.1120758056640625	9.805145263671875
Nexus6x05	1029393013295860	-0.1195526123046875	0.112213134765625	9.805145263671875
Nexus6x05	1029393017720909	-0.1198577880859375	0.1119232177734375	9.805145263671875
Nexus6x05	1029393022145958	-0.1198577880859375	0.1117706298828125	9.805145263671875
Nexus6x05	1029393026571006	-0.1194000244140625	0.1117706298828125	9.805145263671875
Nexus6x05	1029393030996055	-0.1192474365234375	0.112213134765625	9.805145263671875
Nexus6x05	1029393035421104	-0.1195526123046875	0.112213134765625	9.805145263671875
Nexus6x05	1029393039846153	-0.119110107421875	0.1120758056640625	9.805145263671875
Nexus6x05	1029393044271202	-0.118804931640625	0.1120758056640625	9.805145263671875
Nexus6x05	1029393048696251	-0.11865234375	0.1116180419921875	9.805145263671875
Nexus6x05	1029393053121299	-0.11895751953125	0.1116180419921875	9.805145263671875
Nexus6x05	1029393057546348	-0.11895751953125	0.111328125	9.805145263671875
Nexus6x05	1029393061971397	-0.118804931640625	0.111328125	9.805145263671875
Nexus6x05	1029393066396446	-0.118804931640625	0.11102294921875	9.805145263671875
Nexus6x05	1029393070821495	-0.118499755859375	0.111328125	9.805145263671875
Nexus6x05	1029393075246544	-0.118804931640625	0.1116180419921875	9.805145263671875
Nexus6x05	1029393079671592	-0.118804931640625	0.1120758056640625	9.805145263671875
Nexus6x05	1029393084096641	-0.1192474365234375	0.112213134765625	9.805145263671875
Nexus6x05	1029393088521690	-0.119110107421875	0.1120758056640625	9.805145263671875
Nexus6x05	1029393092946739	-0.11895751953125	0.112213134765625	9.805145263671875
Nexus6x05	1029393097371788	-0.11865234375	0.11236572265625	9.805145263671875
Nexus6x05	1029393101796837	-0.118804931640625	0.1120758056640625	9.805145263671875
Nexus6x05	1029393106221885	-0.11865234375	0.112213134765625	9.805145263671875
Nexus6x05	1029393110646934	-0.118499755859375	0.112213134765625	9.805145263671875
Nexus6x05	1029393115071983	-0.11865234375	0.11236572265625	9.805145263671875
Nexus6x05	1029393119497032	-0.118804931640625	0.112518310546875	9.805145263671875
Nexus6x05	1029393123922081	-0.11895751953125	0.11236572265625	9.805145263671875
Nexus6x05	1029393128347130	-0.119110107421875	0.11236572265625	9.805145263671875
Nexus6x05	1029393132772178	-0.1192474365234375	0.112518310546875	9.805145263671875
Nexus6x05	1029393137197227	-0.119110107421875	0.112518310546875	9.805145263671875
Nexus6x05	1029393141622276	-0.119110107421875	0.11236572265625	9.805145263671875
Nexus6x05	1029393146047325	-0.1192474365234375	0.112518310546875	9.805145263671875
Nexus6x05	1029393150472374	-0.1194000244140625	0.112518310546875	9.805145263671875
Nexus6x05	1029393154897422	-0.1192474365234375	0.112518310546875	9.805145263671875
Nexus6x05	1029393159322471	-0.1197052001953125	0.112518310546875	9.805145263671875
Nexus6x05	1029393163747520	-0.1197052001953125	0.1126708984375	9.805145263671875
Nexus6x05	1029393168172569	-0.1199951171875	0.112823486328125	9.805145263671875
Nexus6x05	1029393172597618	-0.1198577880859375	0.112213134765625	9.805145263671875
Nexus6x05	1029393177022667	-0.1198577880859375	0.1120758056640625	9.805145263671875
Nexus6x05	1029393181447715	-0.1195526123046875	0.11236572265625	9.805145263671875
Nexus6x05	1029393185872764	-0.1192474365234375	0.112518310546875	9.805145263671875
Nexus6x05	1029393190297813	-0.1192474365234375	0.11236572265625	9.805145263671875
Nexus6x05	1029393194722862	-0.1194000244140625	0.1120758056640625	9.805145263671875
Nexus6x05	1029393199147911	-0.119110107421875	0.1119232177734375	9.805145263671875
Nexus6x05	1029393203572960	-0.11865234375	0.1117706298828125	9.805145263671875
Nexus6x05	1029393207998008	-0.11865234375	0.1117706298828125	9.805145263671875
Nexus6x05	1029393212423057	-0.11865234375	0.1120758056640625	9.805145263671875
Nexus6x05	1029393216848106	-0.11895751953125	0.1120758056640625	9.805145263671875
Nexus6x05	1029393221273155	-0.11895751953125	0.1120758056640625	9.805145263671875
Nexus6x05	1029393225698204	-0.11895751953125	0.1120758056640625	9.805145263671875
Nexus6x05	1029393230123253	-0.118804931640625	0.112213134765625	9.805145263671875
Nexus6x05	1029393234548301	-0.119110107421875	0.112213134765625	9.805145263671875
Nexus6x05	1029393238973350	-0.1192474365234375	0.112518310546875	9.805145263671875
Nexus6x05	1029393243398399	-0.1192474365234375	0.112518310546875	9.805145263671875
Nexus6x05	1029393247823448	-0.119110107421875	0.112213134765625	9.805145263671875
Nexus6x05	1029393252248497	-0.11895751953125	0.1117706298828125	9.805145263671875
Nexus6x05	1029393256673546	-0.119110107421875	0.1120758056640625	9.805145263671875
Nexus6x05	1029393261098594	-0.1192474365234375	0.1117706298828125	9.805145263671875
Nexus6x05	1029393265523643	-0.11895751953125	0.1117706298828125	9.805145263671875
Nexus6x05	1029393269948692	-0.118804931640625	0.1119232177734375	9.805145263671875
Nexus6x05	1029393274373741	-0.11895751953125	0.1116180419921875	9.805145263671875
Nexus6x05	1029393278798790	-0.11865234375	0.1116180419921875	9.805145263671875
Nexus6x05	1029393283223839	-0.11865234375	0.111328125	9.805145263671875
Nexus6x05	1029393287648887	-0.118804931640625	0.1114654541015625	9.805145263671875
Nexus6x05	1029393292073936	-0.11865234375	0.111328125	9.805145263671875
Nexus6x05	1029393296498985	-0.118499755859375	0.1114654541015625	9.805145263671875
Nexus6x05	1029393300924034	-0.1194000244140625	0.1120758056640625	9.805145263671875
Nexus6x05	1029393305349083	-0.1194000244140625	0.1126708984375	9.805145263671875
Nexus6x05	1029393309774131	-0.1195526123046875	0.112518310546875	9.805145263671875
Nexus6x05	1029393314199180	-0.1197052001953125	0.11236572265625	9.805145263671875
Nexus6x05	1029393318624229	-0.1194000244140625	0.112518310546875	9.805145263671875
Nexus6x05	1029393323049278	-0.1197052001953125	0.11236572265625	9.805145263671875
Nexus6x05	1029393327474327	-0.1197052001953125	0.1126708984375	9.805145263671875
Nexus6x05	1029393331899376	-0.1194000244140625	0.112213134765625	9.805145263671875
Nexus6x05	1029393336324424	-0.1194000244140625	0.1120758056640625	9.805145263671875
Nexus6x05	1029393340749473	-0.1198577880859375	0.1120758056640625	9.805145263671875
Nexus6x05	1029393345174522	-0.1195526123046875	0.1120758056640625	9.805145263671875
Nexus6x05	1029393349599571	-0.1197052001953125	0.112213134765625	9.805145263671875
Nexus6x05	1029393354024620	-0.1195526123046875	0.112518310546875	9.805145263671875
Nexus6x05	1029393358449669	-0.1195526123046875	0.1126708984375	9.805145263671875
Nexus6x05	1029393362874717	-0.1195526123046875	0.11236572265625	9.805145263671875
Nexus6x05	1029393367299766	-0.1199951171875	0.112823486328125	9.805145263671875
Nexus6x05	1029393371724815	-0.1198577880859375	0.112518310546875	9.805145263671875
Nexus6x05	1029393376149864	-0.12030029296875	0.1126708984375	9.805145263671875
Nexus6x05	1029393380574913	-0.1199951171875	0.11236572265625	9.805145263671875
Nexus6x05	1029393384999962	-0.1199951171875	0.1126708984375	9.805145263671875
Nexus6x05	1029393389425010	-0.1198577880859375	0.1126708984375	9.805145263671875
Nexus6x05	1029393393850059	-0.120147705078125	0.11297607421875	9.805145263671875
Nexus6x05	1029393398275108	-0.120147705078125	0.11297607421875	9.805145263671875
Nexus6x05	1029393402700157	-0.120147705078125	0.112823486328125	9.805145263671875
Nexus6x05	1029393407125206	-0.1198577880859375	0.1126708984375	9.805145263671875
Nexus6x05	1029393411550255	-0.1195526123046875	0.11297607421875	9.805145263671875
Nexus6x05	1029393415975303	-0.1195526123046875	0.112518310546875	9.805145263671875
Nexus6x05	1029393420400352	-0.1195526123046875	0.1126708984375	9.805145263671875
Nexus6x05	1029393424825401	-0.1194000244140625	0.112518310546875	9.805145263671875
Nexus6x05	1029393429250450	-0.1195526123046875	0.112518310546875	9.805145263671875
Nexus6x05	1029393433675499	-0.1192474365234375	0.11236572265625	9.805145263671875
Nexus6x05	1029393438100547	-0.1192474365234375	0.112518310546875	9.805145263671875
Nexus6x05	1029393442525596	-0.1194000244140625	0.112518310546875	9.805145263671875
Nexus6x05	1029393446950645	-0.1195526123046875	0.11236572265625	9.805145263671875
Nexus6x05	1029393451375694	-0.1194000244140625	0.1126708984375	9.805145263671875
Nexus6x05	1029393455800743	-0.1194000244140625	0.1126708984375	9.805145263671875
Nexus6x05	1029393460225792	-0.1195526123046875	0.112518310546875	9.805145263671875
Nexus6x05	1029393464650840	-0.1197052001953125	0.11236572265625	9.805145263671875
Nexus6x05	1029393469075889	-0.1195526123046875	0.112518310546875	9.805145263671875
Nexus6x05	1029393473500938	-0.1194000244140625	0.112823486328125	9.805145263671875
Nexus6x05	1029393477925987	-0.1195526123046875	0.11297607421875	9.805145263671875
Nexus6x05	1029393482351036	-0.119110107421875	0.112823486328125	9.805145263671875
Nexus6x05	1029393486776085	-0.1194000244140625	0.1126708984375	9.805145263671875
Nexus6x05	1029393491201133	-0.1195526123046875	0.112518310546875	9.805145263671875
Nexus6x05	1029393495626182	-0.1197052001953125	0.11236572265625	9.805145263671875
Nexus6x05	1029393500051231	-0.1198577880859375	0.112518310546875	9.805145263671875
Nexus6x05	1029393504476280	-0.1197052001953125	0.1126708984375	9.805145263671875
Nexus6x05	1029393508901329	-0.1198577880859375	0.112823486328125	9.805145263671875
Nexus6x05	1029393513326378	-0.1199951171875	0.1131134033203125	9.805145263671875
Nexus6x05	1029393517751426	-0.1199951171875	0.112823486328125	9.805145263671875
Nexus6x05	1029393522176475	-0.1197052001953125	0.11297607421875	9.805145263671875
Nexus6x05	1029393526601524	-0.1194000244140625	0.112518310546875	9.805145263671875
Nexus6x05	1029393531026573	-0.1195526123046875	0.112518310546875	9.805145263671875
Nexus6x05	1029393535451622	-0.1192474365234375	0.112518310546875	9.805145263671875
Nexus6x05	1029393539876671	-0.1197052001953125	0.11236572265625	9.805145263671875
Nexus6x05	1029393544301719	-0.1198577880859375	0.11236572265625	9.805145263671875
Nexus6x05	1029393548726768	-0.12030029296875	0.112213134765625	9.805145263671875
Nexus6x05	1029393553151817	-0.120452880859375	0.112213134765625	9.805145263671875
Nexus6x05	1029393557576866	-0.1212005615234375	0.112213134765625	9.805145263671875
Nexus6x05	1029393562001915	-0.1210479736328125	0.11236572265625	9.805145263671875
Nexus6x05	1029393566426964	-0.1212005615234375	0.112213134765625	9.805145263671875
Nexus6x05	1029393570852012	-0.1213531494140625	0.112213134765625	9.805145263671875
Nexus6x05	1029393575277061	-0.121490478515625	0.1126708984375	9.805145263671875
Nexus6x05	1029393579702110	-0.121490478515625	0.1131134033203125	9.805145263671875
Nexus6x05	1029393584127159	-0.12164306640625	0.11297607421875	9.805145263671875
Nexus6x05	1029393588552208	-0.121490478515625	0.112823486328125	9.805145263671875
Nexus6x05	1029393592977256	-0.121490478515625	0.1126708984375	9.805145263671875
Nexus6x05	1029393597402305	-0.121490478515625	0.112213134765625	9.805145263671875
Nexus6x05	1029393601827354	-0.1213531494140625	0.1126708984375	9.805145263671875
Nexus6x05	1029393606252403	-0.1210479736328125	0.112518310546875	9.805145263671875
Nexus6x05	1029393610677452	-0.1207427978515625	0.11236572265625	9.805145263671875
Nexus6x05	1029393615102501	-0.12030029296875	0.11236572265625	9.805145263671875
Nexus6x05	1029393619527549	-0.120452880859375	0.112518310546875	9.805145263671875
Nexus6x05	1029393623952598	-0.12060546875	0.11236572265625	9.805145263671875
Nexus6x05	1029393628377647	-0.12030029296875	0.1117706298828125	9.805145263671875
Nexus6x05	1029393632802696	-0.1207427978515625	0.111328125	9.805145263671875
Nexus6x05	1029393637227745	-0.1207427978515625	0.11102294921875	9.805145263671875
Nexus6x05	1029393641652794	-0.1207427978515625	0.111175537109375	9.805145263671875
Nexus6x05	1029393646077842	-0.120452880859375	0.11102294921875	9.805145263671875
Nexus6x05	1029393650502891	-0.1208953857421875	0.1114654541015625	9.805145263671875
Nexus6x05	1029393654927940	-0.120147705078125	0.112518310546875	9.805145263671875
Nexus6x05	1029393659352989	-0.12060546875	0.112213134765625	9.805145263671875
Nexus6x05	1029393663778038	-0.12060546875	0.11236572265625	9.805145263671875
Nexus6x05	1029393668203087	-0.1207427978515625	0.112213134765625	9.805145263671875
Nexus6x05	1029393672628135	-0.120147705078125	0.1120758056640625	9.805145263671875
Nexus6x05	1029393677053184	-0.12030029296875	0.1119232177734375	9.805145263671875
Nexus6x05	1029393681478233	-0.12060546875	0.1120758056640625	9.805145263671875
Nexus6x05	1029393685903282	-0.120452880859375	0.1119232177734375	9.805145263671875
Nexus6x05	1029393690328331	-0.120452880859375	0.1117706298828125	9.805145263671875
Nexus6x05	1029393694753380	-0.12060546875	0.1117706298828125	9.805145263671875
Nexus6x05	1029393699178428	-0.12060546875	0.1117706298828125	9.805145263671875
Nexus6x05	1029393703603477	-0.12030029296875	0.111328125	9.805145263671875
Nexus6x05	1029393708028526	-0.120452880859375	0.1114654541015625	9.805145263671875
Nexus6x05	1029393712453575	-0.120452880859375	0.1114654541015625	9.805145263671875
Nexus6x05	1029393716878624	-0.12030029296875	0.111328125	9.805145263671875
Nexus6x05	1029393721303672	-0.1197052001953125	0.111175537109375	9.805145263671875
Nexus6x05	1029393725728721	-0.1195526123046875	0.1107177734375	9.805145263671875
Nexus6x05	1029393730153770	-0.1195526123046875	0.1107177734375	9.805145263671875
Nexus6x05	1029393734578819	-0.1192474365234375	0.1107177734375	9.805145263671875
Nexus6x05	1029393739003868	-0.1192474365234375	0.110870361328125	9.805145263671875
Nexus6x05	1029393743428917	-0.119110107421875	0.1107177734375	9.805145263671875
Nexus6x05	1029393747853965	-0.119110107421875	0.110870361328125	9.805145263671875
Nexus6x05	1029393752279014	-0.119110107421875	0.110870361328125	9.805145263671875
Nexus6x05	1029393756704063	-0.1192474365234375	0.110870361328125	9.805145263671875
Nexus6x05	1029393761129112	-0.1192474365234375	0.11102294921875	9.805145263671875
Nexus6x05	1029393765554161	-0.1192474365234375	0.1102752685546875	9.8052978515625
Nexus6x05	1029393769979210	-0.1194000244140625	0.1101226806640625	9.8052978515625
Nexus6x05	1029393774404258	-0.1192474365234375	0.1099700927734375	9.8052978515625
Nexus6x05	1029393778829307	-0.119110107421875	0.109527587890625	9.8052978515625
Nexus6x05	1029393783254356	-0.11865234375	0.109222412109375	9.8052978515625
Nexus6x05	1029393787679405	-0.11865234375	0.1090850830078125	9.8052978515625
Nexus6x05	1029393792104454	-0.118499755859375	0.1089324951171875	9.8052978515625
Nexus6x05	1029393796529503	-0.118499755859375	0.1086273193359375	9.8052978515625
Nexus6x05	1029393800954551	-0.118499755859375	0.1087799072265625	9.8052978515625
Nexus6x05	1029393805379600	-0.11865234375	0.1087799072265625	9.8052978515625
Nexus6x05	1029393809804649	-0.119110107421875	0.10833740234375	9.8052978515625
Nexus6x05	1029393814229698	-0.11895751953125	0.10833740234375	9.8052978515625
Nexus6x05	1029393818654747	-0.11895751953125	0.10833740234375	9.8052978515625
Nexus6x05	1029393823079796	-0.118804931640625	0.108184814453125	9.8052978515625
Nexus6x05	1029393827504844	-0.118804931640625	0.107879638671875	9.8052978515625
Nexus6x05	1029393831929893	-0.11865234375	0.10772705078125	9.8052978515625
Nexus6x05	1029393836354942	-0.11895751953125	0.107574462890625	9.8052978515625
Nexus6x05	1029393840779991	-0.11895751953125	0.107879638671875	9.8052978515625
Nexus6x05	1029393845205040	-0.120452880859375	0.1069793701171875	9.8052978515625
Nexus6x05	1029393849630089	-0.120147705078125	0.1071319580078125	9.8052978515625
Nexus6x05	1029393854055137	-0.1199951171875	0.1074371337890625	9.8052978515625
Nexus6x05	1029393858480186	-0.1199951171875	0.1071319580078125	9.8052978515625
Nexus6x05	1029393862905235	-0.120147705078125	0.1072845458984375	9.8052978515625
Nexus6x05	1029393867330284	-0.1199951171875	0.1074371337890625	9.8052978515625
Nexus6x05	1029393871755333	-0.12030029296875	0.1072845458984375	9.8052978515625
Nexus6x05	1029393876180381	-0.120147705078125	0.1074371337890625	9.8052978515625
Nexus6x05	1029393880605430	-0.120147705078125	0.1072845458984375	9.8052978515625
Nexus6x05	1029393885030479	-0.1198577880859375	0.1072845458984375	9.8052978515625
Nexus6x05	1029393889455528	-0.1199951171875	0.1069793701171875	9.8052978515625
Nexus6x05	1029393893880577	-0.1199951171875	0.1069793701171875	9.8052978515625
Nexus6x05	1029393898305626	-0.1199951171875	0.1071319580078125	9.8052978515625
Nexus6x05	1029393902730674	-0.1198577880859375	0.1072845458984375	9.8052978515625
Nexus6x05	1029393907155723	-0.120147705078125	0.107574462890625	9.8052978515625
Nexus6x05	1029393911580772	-0.1198577880859375	0.107574462890625	9.8052978515625
Nexus6x05	1029393916005821	-0.120147705078125	0.1068267822265625	9.8052978515625
Nexus6x05	1029393920430870	-0.120452880859375	0.106689453125	9.8052978515625
Nexus6x05	1029393924855919	-0.120452880859375	0.1068267822265625	9.8052978515625
Nexus6x05	1029393929280967	-0.1208953857421875	0.1068267822265625	9.8052978515625
Nexus6x05	1029393933706016	-0.1207427978515625	0.106689453125	9.8052978515625
Nexus6x05	1029393938131065	-0.12060546875	0.1069793701171875	9.8052978515625
Nexus6x05	1029393942556114	-0.1207427978515625	0.1069793701171875	9.8052978515625
Nexus6x05	1029393946981163	-0.1207427978515625	0.1068267822265625	9.8052978515625
Nexus6x05	1029393951406212	-0.12060546875	0.106536865234375	9.8052978515625
Nexus6x05	1029393955831260	-0.1207427978515625	0.106536865234375	9.8052978515625
Nexus6x05	1029393960256309	-0.1207427978515625	0.10638427734375	9.8052978515625
Nexus6x05	1029393964681358	-0.12060546875	0.10638427734375	9.8052978515625
Nexus6x05	1029393969106407	-0.12060546875	0.10638427734375	9.8052978515625
Nexus6x05	1029393973531456	-0.12060546875	0.1060791015625	9.8052978515625
Nexus6x05	1029393977956505	-0.1207427978515625	0.1060791015625	9.8052978515625
Nexus6x05	1029393982381553	-0.12060546875	0.1059417724609375	9.8052978515625
Nexus6x05	1029393986806602	-0.1208953857421875	0.1059417724609375	9.8052978515625
Nexus6x05	1029393991231651	-0.1208953857421875	0.1059417724609375	9.8052978515625
Nexus6x05	1029393995656700	-0.1208953857421875	0.1060791015625	9.8052978515625
Nexus6x05	1029394000081749	-0.1207427978515625	0.106231689453125	9.8052978515625
Nexus6x05	1029394004506797	-0.1210479736328125	0.1060791015625	9.8052978515625
Nexus6x05	1029394008931846	-0.1213531494140625	0.1060791015625	9.8052978515625
Nexus6x05	1029394013356895	-0.1212005615234375	0.1054840087890625	9.8052978515625
Nexus6x05	1029394017781944	-0.121490478515625	0.1057891845703125	9.8052978515625
Nexus6x05	1029394022206993	-0.1213531494140625	0.1059417724609375	9.8052978515625
Nexus6x05	1029394026632042	-0.1210479736328125	0.1057891845703125	9.8052978515625
Nexus6x05	1029394031057090	-0.1212005615234375	0.1056365966796875	9.8052978515625
Nexus6x05	1029394035482139	-0.1210479736328125	0.1059417724609375	9.8052978515625
Nexus6x05	1029394039907188	-0.121490478515625	0.106231689453125	9.8052978515625
Nexus6x05	1029394044332237	-0.121490478515625	0.10638427734375	9.8052978515625
Nexus6x05	1029394048757286	-0.1212005615234375	0.106231689453125	9.8052978515625
Nexus6x05	1029394053182335	-0.1207427978515625	0.1060791015625	9.8052978515625
Nexus6x05	1029394057607383	-0.1208953857421875	0.1059417724609375	9.8052978515625
Nexus6x05	1029394062032432	-0.12060546875	0.1060791015625	9.8052978515625
Nexus6x05	1029394066457481	-0.120452880859375	0.1060791015625	9.8052978515625
Nexus6x05	1029394070882530	-0.120147705078125	0.106231689453125	9.8052978515625
Nexus6x05	1029394075307579	-0.120147705078125	0.106231689453125	9.8052978515625
Nexus6x05	1029394079732628	-0.12030029296875	0.1060791015625	9.8052978515625
Nexus6x05	1029394084157676	-0.120452880859375	0.1060791015625	9.8052978515625
Nexus6x05	1029394088582725	-0.1199951171875	0.1059417724609375	9.8052978515625
Nexus6x05	1029394093007774	-0.1199951171875	0.1060791015625	9.8052978515625
Nexus6x05	1029394097432823	-0.120147705078125	0.1057891845703125	9.8052978515625
Nexus6x05	1029394101857872	-0.1199951171875	0.1059417724609375	9.8052978515625
Nexus6x05	1029394106282921	-0.1198577880859375	0.1057891845703125	9.8052978515625
Nexus6x05	1029394110707969	-0.1199951171875	0.1060791015625	9.8052978515625
Nexus6x05	1029394115133018	-0.1197052001953125	0.106231689453125	9.8052978515625
Nexus6x05	1029394119558067	-0.120147705078125	0.1059417724609375	9.8052978515625
Nexus6x05	1029394123983116	-0.1197052001953125	0.1060791015625	9.8052978515625
Nexus6x05	1029394128408165	-0.1199951171875	0.1060791015625	9.8052978515625
Nexus6x05	1029394132833214	-0.120147705078125	0.1059417724609375	9.8052978515625
Nexus6x05	1029394137258262	-0.12030029296875	0.106536865234375	9.8052978515625
Nexus6x05	1029394141683311	-0.1199951171875	0.10638427734375	9.8052978515625
Nexus6x05	1029394146108360	-0.1199951171875	0.106536865234375	9.8052978515625
Nexus6x05	1029394150533409	-0.1197052001953125	0.106689453125	9.8052978515625
Nexus6x05	1029394154958458	-0.1194000244140625	0.1068267822265625	9.8052978515625
Nexus6x05	1029394159383506	-0.1192474365234375	0.1069793701171875	9.8052978515625
Nexus6x05	1029394163808555	-0.1192474365234375	0.1071319580078125	9.8052978515625
Nexus6x05	1029394168233604	-0.1195526123046875	0.1074371337890625	9.8052978515625
Nexus6x05	1029394172658653	-0.1194000244140625	0.1072845458984375	9.8052978515625
Nexus6x05	1029394177083702	-0.1195526123046875	0.1068267822265625	9.8052978515625
Nexus6x05	1029394181508751	-0.1195526123046875	0.1074371337890625	9.8052978515625
Nexus6x05	1029394185933799	-0.1195526123046875	0.107574462890625	9.8052978515625
Nexus6x05	1029394190358848	-0.1197052001953125	0.107574462890625	9.8052978515625
Nexus6x05	1029394194783897	-0.1197052001953125	0.10772705078125	9.8052978515625
Nexus6x05	1029394199208946	-0.1194000244140625	0.10772705078125	9.8052978515625
Nexus6x05	1029394203633995	-0.119110107421875	0.1074371337890625	9.8052978515625
Nexus6x05	1029394208059044	-0.119110107421875	0.107574462890625	9.8052978515625
Nexus6x05	1029394212484092	-0.11895751953125	0.107574462890625	9.8052978515625
Nexus6x05	1029394216909141	-0.11895751953125	0.107574462890625	9.8052978515625
Nexus6x05	1029394221334190	-0.119110107421875	0.107574462890625	9.8052978515625
Nexus6x05	1029394225759239	-0.11895751953125	0.1074371337890625	9.8052978515625
Nexus6x05	1029394230184288	-0.118804931640625	0.107879638671875	9.8052978515625
Nexus6x05	1029394234609337	-0.118804931640625	0.108184814453125	9.8052978515625
Nexus6x05	1029394239034385	-0.118804931640625	0.1084747314453125	9.8052978515625
Nexus6x05	1029394243459434	-0.118804931640625	0.108184814453125	9.8052978515625
Nexus6x05	1029394247884483	-0.119110107421875	0.10833740234375	9.8052978515625
Nexus6x05	1029394252309532	-0.1192474365234375	0.1086273193359375	9.8052978515625
Nexus6x05	1029394256734581	-0.119110107421875	0.1086273193359375	9.8052978515625
Nexus6x05	1029394261159630	-0.119110107421875	0.10833740234375	9.8052978515625
Nexus6x05	1029394265584678	-0.1195526123046875	0.108184814453125	9.8052978515625
Nexus6x05	1029394270009727	-0.1195526123046875	0.108184814453125	9.8052978515625
Nexus6x05	1029394274434776	-0.1192474365234375	0.1080322265625	9.8052978515625
Nexus6x05	1029394278859825	-0.1192474365234375	0.1084747314453125	9.8052978515625
Nexus6x05	1029394283284874	-0.119110107421875	0.1084747314453125	9.8052978515625
Nexus6x05	1029394287709922	-0.1192474365234375	0.1089324951171875	9.8052978515625
Nexus6x05	1029394292134971	-0.11895751953125	0.109222412109375	9.8052978515625
Nexus6x05	1029394296560020	-0.11895751953125	0.1090850830078125	9.8052978515625
Nexus6x05	1029394300985069	-0.11895751953125	0.109222412109375	9.8052978515625
Nexus6x05	1029394305410118	-0.118804931640625	0.1089324951171875	9.8052978515625
Nexus6x05	1029394309835167	-0.11895751953125	0.1090850830078125	9.8052978515625
Nexus6x05	1029394314260215	-0.119110107421875	0.109375	9.8052978515625
Nexus6x05	1029394318685264	-0.11895751953125	0.10968017578125	9.8052978515625
Nexus6x05	1029394323110313	-0.118804931640625	0.1099700927734375	9.8052978515625
Nexus6x05	1029394327535362	-0.11865234375	0.1101226806640625	9.8052978515625
Nexus6x05	1029394331960411	-0.11865234375	0.109527587890625	9.8052978515625
Nexus6x05	1029394336385460	-0.1183624267578125	0.109375	9.8052978515625
Nexus6x05	1029394340810508	-0.1183624267578125	0.109222412109375	9.8052978515625
Nexus6x05	1029394345235557	-0.1182098388671875	0.1090850830078125	9.8052978515625
Nexus6x05	1029394349660606	-0.1179046630859375	0.1090850830078125	9.8052978515625
Nexus6x05	1029394354085655	-0.1177520751953125	0.1090850830078125	9.8052978515625
Nexus6x05	1029394358510704	-0.1177520751953125	0.1087799072265625	9.8052978515625
Nexus6x05	1029394362935753	-0.1179046630859375	0.1090850830078125	9.8052978515625
Nexus6x05	1029394367360801	-0.1180572509765625	0.1086273193359375	9.8052978515625
Nexus6x05	1029394371785850	-0.1180572509765625	0.1086273193359375	9.8052978515625
Nexus6x05	1029394376210899	-0.1182098388671875	0.10833740234375	9.8052978515625
Nexus6x05	1029394380635948	-0.1182098388671875	0.1087799072265625	9.8052978515625
Nexus6x05	1029394385060997	-0.1182098388671875	0.1089324951171875	9.8052978515625
Nexus6x05	1029394389486046	-0.1180572509765625	0.1089324951171875	9.8052978515625
Nexus6x05	1029394393911094	-0.1179046630859375	0.1087799072265625	9.8052978515625
Nexus6x05	1029394398336143	-0.1177520751953125	0.1090850830078125	9.8052978515625
Nexus6x05	1029394402761192	-0.11761474609375	0.1090850830078125	9.8052978515625
Nexus6x05	1029394407186241	-0.1173095703125	0.1090850830078125	9.8052978515625
Nexus6x05	1029394411611290	-0.117462158203125	0.1090850830078125	9.8052978515625
Nexus6x05	1029394416036339	-0.1177520751953125	0.1090850830078125	9.8052978515625
Nexus6x05	1029394420461387	-0.11761474609375	0.1089324951171875	9.8052978515625
Nexus6x05	1029394424886436	-0.117462158203125	0.1086273193359375	9.8052978515625
Nexus6x05	1029394429311485	-0.117462158203125	0.1087799072265625	9.8052978515625
Nexus6x05	1029394433736534	-0.11700439453125	0.1089324951171875	9.8052978515625
Nexus6x05	1029394438161583	-0.116851806640625	0.1086273193359375	9.8052978515625
Nexus6x05	1029394442586631	-0.116851806640625	0.1084747314453125	9.8052978515625
Nexus6x05	1029394447011680	-0.116851806640625	0.1087799072265625	9.8052978515625
Nexus6x05	1029394451436729	-0.116851806640625	0.1090850830078125	9.8052978515625
Nexus6x05	1029394455861778	-0.11700439453125	0.1087799072265625	9.8052978515625
Nexus6x05	1029394460286827	-0.1173095703125	0.1089324951171875	9.8052978515625
Nexus6x05	1029394464711876	-0.1173095703125	0.1086273193359375	9.8052978515625
Nexus6x05	1029394469136924	-0.11700439453125	0.108184814453125	9.8052978515625
Nexus6x05	1029394473561973	-0.117156982421875	0.1084747314453125	9.8052978515625
Nexus6x05	1029394477987022	-0.1167144775390625	0.10833740234375	9.8052978515625
Nexus6x05	1029394482412071	-0.116851806640625	0.1080322265625	9.8052978515625
Nexus6x05	1029394486837120	-0.1164093017578125	0.108184814453125	9.8052978515625
Nexus6x05	1029394491262169	-0.1165618896484375	0.1080322265625	9.8052978515625
Nexus6x05	1029394495687217	-0.1165618896484375	0.107879638671875	9.8052978515625
Nexus6x05	1029394500112266	-0.116851806640625	0.1072845458984375	9.8052978515625
Nexus6x05	1029394504537315	-0.117156982421875	0.1072845458984375	9.8052978515625
Nexus6x05	1029394508962364	-0.1177520751953125	0.1074371337890625	9.8052978515625
Nexus6x05	1029394513387413	-0.1177520751953125	0.1074371337890625	9.8052978515625
Nexus6x05	1029394517812462	-0.1177520751953125	0.107574462890625	9.8052978515625
Nexus6x05	1029394522237510	-0.117462158203125	0.1072845458984375	9.8052978515625
Nexus6x05	1029394526662559	-0.11761474609375	0.1071319580078125	9.8052978515625
Nexus6x05	1029394531087608	-0.1177520751953125	0.1072845458984375	9.8052978515625
Nexus6x05	1029394535512657	-0.1180572509765625	0.1074371337890625	9.8052978515625
Nexus6x05	1029394539937706	-0.1182098388671875	0.1072845458984375	9.8052978515625
Nexus6x05	1029394544362755	-0.1180572509765625	0.107574462890625	9.8052978515625
Nexus6x05	1029394548787803	-0.1180572509765625	0.10772705078125	9.8052978515625
Nexus6x05	1029394553212852	-0.1180572509765625	0.10772705078125	9.8052978515625
Nexus6x05	1029394557637901	-0.1183624267578125	0.107574462890625	9.8052978515625
Nexus6x05	1029394562062950	-0.1180572509765625	0.1074371337890625	9.8052978515625
Nexus6x05	1029394566487999	-0.1180572509765625	0.1071319580078125	9.8052978515625
Nexus6x05	1029394570913047	-0.1179046630859375	0.1069793701171875	9.8052978515625
Nexus6x05	1029394575338096	-0.1183624267578125	0.106689453125	9.8052978515625
Nexus6x05	1029394579763145	-0.1182098388671875	0.106536865234375	9.8052978515625
Nexus6x05	1029394584188194	-0.118499755859375	0.106536865234375	9.8052978515625
Nexus6x05	1029394588613243	-0.1182098388671875	0.1068267822265625	9.8052978515625
Nexus6x05	1029394593038292	-0.1180572509765625	0.1069793701171875	9.8052978515625
Nexus6x05	1029394597463340	-0.1177520751953125	0.1072845458984375	9.8052978515625
Nexus6x05	1029394601888389	-0.1177520751953125	0.107574462890625	9.8052978515625
Nexus6x05	1029394606313438	-0.1177520751953125	0.10772705078125	9.8052978515625
Nexus6x05	1029394610738487	-0.1180572509765625	0.1074371337890625	9.8052978515625
Nexus6x05	1029394615163536	-0.1182098388671875	0.107574462890625	9.8052978515625
Nexus6x05	1029394619588585	-0.1183624267578125	0.1072845458984375	9.8052978515625
Nexus6x05	1029394624013633	-0.1183624267578125	0.1071319580078125	9.8052978515625
Nexus6x05	1029394628438682	-0.118499755859375	0.1071319580078125	9.8052978515625
Nexus6x05	1029394632863731	-0.118499755859375	0.1068267822265625	9.8052978515625
Nexus6x05	1029394637288780	-0.11865234375	0.1069793701171875	9.8052978515625
Nexus6x05	1029394641713829	-0.118499755859375	0.1069793701171875	9.8052978515625
Nexus6x05	1029394646138878	-0.1183624267578125	0.106689453125	9.8052978515625
Nexus6x05	1029394650563926	-0.1180572509765625	0.1071319580078125	9.8052978515625
Nexus6x05	1029394654988975	-0.1182098388671875	0.1071319580078125	9.8052978515625
Nexus6x05	1029394659414024	-0.1183624267578125	0.1072845458984375	9.8052978515625
Nexus6x05	1029394663839073	-0.1182098388671875	0.1072845458984375	9.8052978515625
Nexus6x05	1029394668264122	-0.1179046630859375	0.1074371337890625	9.8052978515625
Nexus6x05	1029394672689171	-0.1177520751953125	0.10772705078125	9.8052978515625
Nexus6x05	1029394677114219	-0.11761474609375	0.1072845458984375	9.8052978515625
Nexus6x05	1029394681539268	-0.11761474609375	0.1071319580078125	9.8052978515625
Nexus6x05	1029394685964317	-0.117462158203125	0.1069793701171875	9.8052978515625
Nexus6x05	1029394690389366	-0.1173095703125	0.1069793701171875	9.8052978515625
Nexus6x05	1029394694814415	-0.11700439453125	0.106536865234375	9.8052978515625
Nexus6x05	1029394699239464	-0.1173095703125	0.106689453125	9.8052978515625
Nexus6x05	1029394703664512	-0.1173095703125	0.1068267822265625	9.8052978515625
Nexus6x05	1029394708089561	-0.11700439453125	0.1071319580078125	9.8052978515625
Nexus6x05	1029394712514610	-0.11700439453125	0.1068267822265625	9.8052978515625
Nexus6x05	1029394716939659	-0.11700439453125	0.1068267822265625	9.8052978515625
Nexus6x05	1029394721364708	-0.1173095703125	0.1071319580078125	9.8052978515625
Nexus6x05	1029394725789756	-0.1173095703125	0.1074371337890625	9.8052978515625
Nexus6x05	1029394730214805	-0.1173095703125	0.107879638671875	9.8052978515625
Nexus6x05	1029394734639854	-0.1164093017578125	0.1086273193359375	9.8052978515625
Nexus6x05	1029394739064903	-0.1162567138671875	0.1086273193359375	9.8052978515625
Nexus6x05	1029394743489952	-0.115814208984375	0.1087799072265625	9.8052978515625
Nexus6x05	1029394747915001	-0.115966796875	0.1089324951171875	9.8052978515625
Nexus6x05	1029394752340049	-0.1161041259765625	0.1087799072265625	9.8052978515625
Nexus6x05	1029394756765098	-0.1161041259765625	0.1084747314453125	9.8052978515625
Nexus6x05	1029394761190147	-0.115966796875	0.1086273193359375	9.8052978515625
Nexus6x05	1029394765615196	-0.1165618896484375	0.10772705078125	9.8052978515625
Nexus6x05	1029394770040245	-0.1164093017578125	0.107879638671875	9.8052978515625
Nexus6x05	1029394774465294	-0.1165618896484375	0.107574462890625	9.8052978515625
Nexus6x05	1029394778890342	-0.1162567138671875	0.1072845458984375	9.8052978515625
Nexus6x05	1029394783315391	-0.115966796875	0.1072845458984375	9.8052978515625
Nexus6x05	1029394787740440	-0.115966796875	0.1072845458984375	9.8052978515625
Nexus6x05	1029394792165489	-0.1164093017578125	0.1069793701171875	9.8052978515625
Nexus6x05	1029394796590538	-0.1165618896484375	0.1074371337890625	9.8052978515625
Nexus6x05	1029394801015587	-0.1161041259765625	0.1074371337890625	9.8052978515625
Nexus6x05	1029394805440635	-0.1165618896484375	0.107574462890625	9.8052978515625
Nexus6x05	1029394809865684	-0.1165618896484375	0.1074371337890625	9.8052978515625
Nexus6x05	1029394814290733	-0.1167144775390625	0.107879638671875	9.8052978515625
Nexus6x05	1029394818715782	-0.11700439453125	0.10772705078125	9.8052978515625
Nexus6x05	1029394823140831	-0.117156982421875	0.10772705078125	9.8052978515625
Nexus6x05	1029394827565880	-0.1173095703125	0.10772705078125	9.8052978515625
Nexus6x05	1029394831990928	-0.117462158203125	0.10772705078125	9.8052978515625
Nexus6x05	1029394836415977	-0.117462158203125	0.1080322265625	9.8052978515625
Nexus6x05	1029394840841026	-0.11761474609375	0.108184814453125	9.8052978515625
Nexus6x05	1029394845266075	-0.11761474609375	0.1080322265625	9.8052978515625
Nexus6x05	1029394849691124	-0.1179046630859375	0.1084747314453125	9.8052978515625
Nexus6x05	1029394854116172	-0.1177520751953125	0.1084747314453125	9.8052978515625
Nexus6x05	1029394858541221	-0.1179046630859375	0.1087799072265625	9.8052978515625
Nexus6x05	1029394862966270	-0.11761474609375	0.1084747314453125	9.8052978515625
Nexus6x05	1029394867391319	-0.1177520751953125	0.1086273193359375	9.8052978515625
Nexus6x05	1029394871816368	-0.1177520751953125	0.109222412109375	9.8052978515625
Nexus6x05	1029394876241417	-0.1180572509765625	0.1090850830078125	9.8052978515625
Nexus6x05	1029394880666465	-0.1180572509765625	0.1090850830078125	9.8052978515625
Nexus6x05	1029394885091514	-0.1179046630859375	0.1090850830078125	9.8052978515625
Nexus6x05	1029394889516563	-0.1182098388671875	0.1089324951171875	9.8052978515625
Nexus6x05	1029394893941612	-0.1180572509765625	0.1090850830078125	9.8052978515625
Nexus6x05	1029394898366661	-0.1183624267578125	0.1087799072265625	9.8052978515625
Nexus6x05	1029394902791710	-0.1183624267578125	0.1087799072265625	9.8052978515625
Nexus6x05	1029394907216758	-0.1182098388671875	0.1086273193359375	9.8052978515625
Nexus6x05	1029394911641807	-0.1180572509765625	0.108184814453125	9.8052978515625
Nexus6x05	1029394916066856	-0.118499755859375	0.1084747314453125	9.8052978515625
Nexus6x05	1029394920491905	-0.1183624267578125	0.10833740234375	9.8052978515625
Nexus6x05	1029394924916954	-0.118499755859375	0.108184814453125	9.8052978515625
Nexus6x05	1029394929342003	-0.118499755859375	0.10833740234375	9.8052978515625
Nexus6x05	1029394933767051	-0.118804931640625	0.10833740234375	9.8052978515625
Nexus6x05	1029394938192100	-0.11865234375	0.1086273193359375	9.8052978515625
Nexus6x05	1029394942617149	-0.118499755859375	0.1084747314453125	9.8052978515625
Nexus6x05	1029394947042198	-0.118804931640625	0.1086273193359375	9.8052978515625
Nexus6x05	1029394951467247	-0.118804931640625	0.10833740234375	9.8052978515625
Nexus6x05	1029394955892296	-0.11865234375	0.108184814453125	9.8052978515625
Nexus6x05	1029394960317344	-0.11865234375	0.1080322265625	9.8052978515625
Nexus6x05	1029394964742393	-0.11895751953125	0.107879638671875	9.8052978515625
Nexus6x05	1029394969167442	-0.118804931640625	0.10772705078125	9.8052978515625
Nexus6x05	1029394973592491	-0.118499755859375	0.107574462890625	9.8052978515625
Nexus6x05	1029394978017540	-0.118499755859375	0.10772705078125	9.8052978515625
Nexus6x05	1029394982442589	-0.1183624267578125	0.1072845458984375	9.8052978515625
Nexus6x05	1029394986867637	-0.11865234375	0.1071319580078125	9.8052978515625
Nexus6x05	1029394991292686	-0.1183624267578125	0.1069793701171875	9.8052978515625
Nexus6x05	1029394995717735	-0.1195526123046875	0.106689453125	9.8052978515625
Nexus6x05	1029395000142784	-0.1197052001953125	0.106536865234375	9.8052978515625
Nexus6x05	1029395004567833	-0.1195526123046875	0.1069793701171875	9.8052978515625
Nexus6x05	1029395008992881	-0.1197052001953125	0.1071319580078125	9.8052978515625
Nexus6x05	1029395013417930	-0.1198577880859375	0.1071319580078125	9.8052978515625
Nexus6x05	1029395017842979	-0.1197052001953125	0.1071319580078125	9.8052978515625
Nexus6x05	1029395022268028	-0.1198577880859375	0.1069793701171875	9.8052978515625
Nexus6x05	1029395026693077	-0.1197052001953125	0.1069793701171875	9.8052978515625
Nexus6x05	1029395031118126	-0.1199951171875	0.1071319580078125	9.8052978515625
Nexus6x05	1029395035543174	-0.120147705078125	0.1069793701171875	9.8052978515625
Nexus6x05	1029395039968223	-0.1199951171875	0.1069793701171875	9.8052978515625
Nexus6x05	1029395044393272	-0.12030029296875	0.1071319580078125	9.8052978515625
Nexus6x05	1029395048818321	-0.120147705078125	0.1072845458984375	9.8052978515625
Nexus6x05	1029395053273887	-0.120452880859375	0.1069793701171875	9.8052978515625
Nexus6x05	1029395057698936	-0.120452880859375	0.1069793701171875	9.8052978515625
Nexus6x05	1029395062154503	-0.12060546875	0.106689453125	9.8052978515625
Nexus6x05	1029395066579551	-0.12060546875	0.106536865234375	9.8052978515625
Nexus6x05	1029395071035118	-0.12060546875	0.1074371337890625	9.8052978515625
Nexus6x05	1029395075460167	-0.12060546875	0.1071319580078125	9.8052978515625
Nexus6x05	1029395079915733	-0.120452880859375	0.1072845458984375	9.8052978515625
Nexus6x05	1029395084340782	-0.120452880859375	0.1069793701171875	9.8052978515625
Nexus6x05	1029395088796348	-0.1207427978515625	0.1071319580078125	9.8052978515625
Nexus6x05	1029395093221397	-0.12060546875	0.1069793701171875	9.8052978515625
Nexus6x05	1029395097676964	-0.1207427978515625	0.1069793701171875	9.8052978515625
Nexus6x05	1029395102102012	-0.12060546875	0.1071319580078125	9.8052978515625
Nexus6x05	1029395106527061	-0.12030029296875	0.1071319580078125	9.8052978515625
Nexus6x05	1029395110982628	-0.1207427978515625	0.1068267822265625	9.8052978515625
Nexus6x05	1029395115407676	-0.1207427978515625	0.1069793701171875	9.8052978515625
Nexus6x05	1029395119863243	-0.1212005615234375	0.106689453125	9.8052978515625
Nexus6x05	1029395124288292	-0.1212005615234375	0.1069793701171875	9.8052978515625
Nexus6x05	1029395128743858	-0.1213531494140625	0.1068267822265625	9.8052978515625
Nexus6x05	1029395133168907	-0.1212005615234375	0.106536865234375	9.8052978515625
Nexus6x05	1029395137624473	-0.1213531494140625	0.10638427734375	9.8052978515625
Nexus6x05	1029395142049522	-0.1213531494140625	0.10638427734375	9.8052978515625
Nexus6x05	1029395146505089	-0.1213531494140625	0.10638427734375	9.8052978515625
Nexus6x05	1029395150930137	-0.1212005615234375	0.1060791015625	9.8052978515625
Nexus6x05	1029395155385704	-0.1213531494140625	0.1059417724609375	9.8052978515625
Nexus6x05	1029395159810753	-0.1213531494140625	0.1059417724609375	9.8052978515625
Nexus6x05	1029395164235801	-0.1208953857421875	0.106689453125	9.8052978515625
Nexus6x05	1029395168691368	-0.1207427978515625	0.1069793701171875	9.8052978515625
Nexus6x05	1029395173116417	-0.1210479736328125	0.106689453125	9.8052978515625
Nexus6x05	1029395177571983	-0.1207427978515625	0.106536865234375	9.8052978515625
Nexus6x05	1029395181997032	-0.120452880859375	0.1068267822265625	9.8052978515625
Nexus6x05	1029395186452598	-0.12060546875	0.106536865234375	9.8052978515625
Nexus6x05	1029395190877647	-0.120452880859375	0.106536865234375	9.8052978515625
Nexus6x05	1029395195333214	-0.120452880859375	0.1068267822265625	9.8052978515625
Nexus6x05	1029395199758262	-0.1208953857421875	0.106689453125	9.8052978515625
Nexus6x05	1029395204213829	-0.1208953857421875	0.1069793701171875	9.8052978515625
Nexus6x05	1029395208638878	-0.1208953857421875	0.106689453125	9.8052978515625
Nexus6x05	1029395213094444	-0.1208953857421875	0.1068267822265625	9.8052978515625
Nexus6x05	1029395217519493	-0.1210479736328125	0.1068267822265625	9.8052978515625
Nexus6x05	1029395221944542	-0.1210479736328125	0.106689453125	9.8052978515625
Nexus6x05	1029395226400108	-0.1207427978515625	0.106689453125	9.8052978515625
Nexus6x05	1029395230825157	-0.120452880859375	0.1068267822265625	9.8052978515625
Nexus6x05	1029395235280723	-0.1207427978515625	0.10638427734375	9.8052978515625
Nexus6x05	1029395239705772	-0.1210479736328125	0.106536865234375	9.8052978515625
Nexus6x05	1029395244161339	-0.1208953857421875	0.106231689453125	9.8052978515625
Nexus6x05	1029395248586387	-0.1207427978515625	0.106231689453125	9.8052978515625
Nexus6x05	1029395253041954	-0.1212005615234375	0.106231689453125	9.8052978515625
Nexus6x05	1029395257467003	-0.1212005615234375	0.1060791015625	9.8052978515625
Nexus6x05	1029395261922569	-0.1210479736328125	0.106231689453125	9.8052978515625
Nexus6x05	1029395266347618	-0.12060546875	0.106231689453125	9.8052978515625
Nexus6x05	1029395270803184	-0.12060546875	0.106689453125	9.8052978515625
Nexus6x05	1029395275228233	-0.120452880859375	0.1069793701171875	9.8052978515625
Nexus6x05	1029395279653282	-0.1207427978515625	0.106689453125	9.8052978515625
Nexus6x05	1029395284108848	-0.12060546875	0.106536865234375	9.8052978515625
Nexus6x05	1029395288533897	-0.1208953857421875	0.106536865234375	9.8052978515625
Nexus6x05	1029395292989464	-0.1212005615234375	0.106231689453125	9.8052978515625
Nexus6x05	1029395297414512	-0.1207427978515625	0.106231689453125	9.8052978515625
Nexus6x05	1029395301870079	-0.12060546875	0.1059417724609375	9.8052978515625
Nexus6x05	1029395306295128	-0.12060546875	0.1054840087890625	9.8052978515625
Nexus6x05	1029395310750694	-0.1207427978515625	0.105194091796875	9.8052978515625
Nexus6x05	1029395315175743	-0.120147705078125	0.105194091796875	9.8052978515625
Nexus6x05	1029395319631309	-0.1199951171875	0.10504150390625	9.8052978515625
Nexus6x05	1029395324056358	-0.1199951171875	0.105194091796875	9.8052978515625
Nexus6x05	1029395328511924	-0.1199951171875	0.1053314208984375	9.8052978515625
Nexus6x05	1029395332936973	-0.120147705078125	0.105194091796875	9.8052978515625
Nexus6x05	1029395337392540	-0.12030029296875	0.1053314208984375	9.8052978515625
Nexus6x05	1029395341817589	-0.1199951171875	0.1053314208984375	9.8052978515625
Nexus6x05	1029395346242637	-0.1197052001953125	0.10504150390625	9.8052978515625
Nexus6x05	1029395350698204	-0.1194000244140625	0.1053314208984375	9.8052978515625
Nexus6x05	1029395355123253	-0.1192474365234375	0.1053314208984375	9.8052978515625
Nexus6x05	1029395359578819	-0.1194000244140625	0.1053314208984375	9.8052978515625
Nexus6x05	1029395364003868	-0.1194000244140625	0.1056365966796875	9.8052978515625
Nexus6x05	1029395368459434	-0.1197052001953125	0.1056365966796875	9.8052978515625
Nexus6x05	1029395372884483	-0.1197052001953125	0.1056365966796875	9.8052978515625
Nexus6x05	1029395377340049	-0.1195526123046875	0.1056365966796875	9.8052978515625
Nexus6x05	1029395381765098	-0.1197052001953125	0.1054840087890625	9.8052978515625
Nexus6x05	1029395386220665	-0.119110107421875	0.10504150390625	9.8052978515625
Nexus6x05	1029395390645714	-0.1197052001953125	0.104736328125	9.8052978515625
Nexus6x05	1029395395101280	-0.1195526123046875	0.1044464111328125	9.8052978515625
Nexus6x05	1029395399526329	-0.119110107421875	0.104736328125	9.8052978515625
Nexus6x05	1029395403951378	-0.118804931640625	0.10504150390625	9.8052978515625
Nexus6x05	1029395408406944	-0.119110107421875	0.104888916015625	9.8052978515625
Nexus6x05	1029395412831993	-0.119110107421875	0.104888916015625	9.8052978515625
Nexus6x05	1029395417287559	-0.119110107421875	0.104888916015625	9.8052978515625
Nexus6x05	1029395421712608	-0.119110107421875	0.104888916015625	9.8052978515625
Nexus6x05	1029395426168174	-0.119110107421875	0.104583740234375	9.8052978515625
Nexus6x05	1029395430593223	-0.1195526123046875	0.104736328125	9.8052978515625
Nexus6x05	1029395435048790	-0.1197052001953125	0.10504150390625	9.8052978515625
Nexus6x05	1029395439473839	-0.1192474365234375	0.1054840087890625	9.8052978515625
Nexus6x05	1029395443929405	-0.119110107421875	0.1054840087890625	9.8052978515625
Nexus6x05	1029395448354454	-0.119110107421875	0.1056365966796875	9.8052978515625
Nexus6x05	1029395452810020	-0.119110107421875	0.1056365966796875	9.8052978515625
Nexus6x05	1029395457235069	-0.119110107421875	0.1059417724609375	9.8052978515625
Nexus6x05	1029395461660118	-0.119110107421875	0.1069793701171875	9.8052978515625
Nexus6x05	1029395466115684	-0.1192474365234375	0.1068267822265625	9.8052978515625
Nexus6x05	1029395470540733	-0.119110107421875	0.106536865234375	9.8052978515625
Nexus6x05	1029395474996299	-0.1194000244140625	0.106689453125	9.8052978515625
Nexus6x05	1029395479421348	-0.11895751953125	0.1068267822265625	9.8052978515625
Nexus6x05	1029395483876915	-0.11895751953125	0.1071319580078125	9.8052978515625
Nexus6x05	1029395488301964	-0.118804931640625	0.106689453125	9.8052978515625
Nexus6x05	1029395492757530	-0.118804931640625	0.1068267822265625	9.8052978515625
Nexus6x05	1029395497182579	-0.11865234375	0.1068267822265625	9.8052978515625
Nexus6x05	1029395501638145	-0.1192474365234375	0.106689453125	9.8052978515625
Nexus6x05	1029395506063194	-0.119110107421875	0.10638427734375	9.8052978515625
Nexus6x05	1029395510518760	-0.119110107421875	0.10638427734375	9.8052978515625
Nexus6x05	1029395514943809	-0.11895751953125	0.106231689453125	9.8052978515625
Nexus6x05	1029395519368858	-0.11895751953125	0.106536865234375	9.8052978515625
Nexus6x05	1029395523824424	-0.118804931640625	0.10638427734375	9.8052978515625
Nexus6x05	1029395528249473	-0.11865234375	0.106536865234375	9.8052978515625
Nexus6x05	1029395532705040	-0.118499755859375	0.106536865234375	9.8052978515625
Nexus6x05	1029395537130089	-0.1183624267578125	0.106536865234375	9.8052978515625
Nexus6x05	1029395541585655	-0.1183624267578125	0.106231689453125	9.8052978515625
Nexus6x05	1029395546010704	-0.1182098388671875	0.1059417724609375	9.8052978515625
Nexus6x05	1029395550466270	-0.1179046630859375	0.1059417724609375	9.8052978515625
Nexus6x05	1029395554891319	-0.1177520751953125	0.1059417724609375	9.8052978515625
Nexus6x05	1029395559346885	-0.1182098388671875	0.1057891845703125	9.8052978515625
Nexus6x05	1029395563771934	-0.1180572509765625	0.1057891845703125	9.8052978515625
